NAME: random15
TYPE: TSP
DIMENSION: 15
EDGE_WEIGHT_TYPE: EXPLICIT
EDGE_WEIGHT_FORMAT: FULL_MATRIX
EDGE_WEIGHT_SECTION
0 99 99 99 99 11 99 5 69 99 99 99 99 99 99
99 0 99 99 13 99 99 99 99 16 99 99 99 12 20
99 99 0 23 99 99 56 99 99 99 99 49 48 18 13
99 99 23 0 20 99 99 51 29 99 99 48 99 25 99
99 13 99 20 0 99 99 99 21 9 99 99 99 22 99
11 99 99 99 99 0 99 12 99 99 14 26 99 99 99
99 99 56 99 99 99 0 99 99 99 57 39 22 99 99
5 99 99 51 99 12 99 0 66 99 99 27 99 99 99
69 99 99 29 21 99 99 66 0 20 99 99 99 99 99
99 16 99 99 9 99 99 99 20 0 99 99 99 99 99
99 99 99 99 99 14 57 99 99 99 0 26 99 99 99
99 99 49 48 99 26 39 27 99 99 26 0 99 99 99
99 99 48 99 99 99 22 99 99 99 99 99 0 99 55
99 12 18 25 22 99 99 99 99 99 99 99 99 0 8
99 20 13 99 99 99 99 99 99 99 99 99 55 8 0
EOF
