NAME: random11
TYPE: TSP
DIMENSION: 11
EDGE_WEIGHT_TYPE: EXPLICIT
EDGE_WEIGHT_FORMAT: FULL_MATRIX
EDGE_WEIGHT_SECTION
0 118 118 118 118 56 118 118 19 19 118
118 0 24 118 118 118 118 31 118 118 31
118 24 0 41 118 49 118 29 118 34 47
118 118 41 0 118 118 118 21 37 45 118
118 118 118 118 0 77 5 118 118 118 19
56 118 49 118 77 0 118 118 118 42 71
118 118 118 118 5 118 0 118 118 118 14
118 31 29 21 118 118 118 0 118 118 62
19 118 118 37 118 118 118 118 0 30 118
19 118 34 45 118 42 118 118 30 0 118
118 31 47 118 19 71 14 62 118 118 0
EOF
