NAME: random7
TYPE: TSP
DIMENSION: 7
EDGE_WEIGHT_TYPE: EXPLICIT
EDGE_WEIGHT_FORMAT: FULL_MATRIX
EDGE_WEIGHT_SECTION
0 37 93 93 34 60 78
37 0 57 65 28 25 93
93 57 0 67 93 40 93
93 65 67 0 49 93 12
34 28 93 49 0 93 45
60 25 40 93 93 0 93
78 93 93 12 45 93 0
EOF
