NAME: random9
TYPE: TSP
DIMENSION: 9
EDGE_WEIGHT_TYPE: EXPLICIT
EDGE_WEIGHT_FORMAT: FULL_MATRIX
EDGE_WEIGHT_SECTION
0 115 31 48 17 41 115 115 115
115 0 36 14 115 115 47 48 115
31 36 0 28 14 115 115 115 115
48 14 28 0 35 68 115 43 115
17 115 14 35 0 115 115 115 115
41 115 115 68 115 0 115 61 76
115 47 115 115 115 115 0 59 63
115 48 115 43 115 61 59 0 22
115 115 115 115 115 76 63 22 0
EOF
