NAME: random14
TYPE: TSP
DIMENSION: 14
EDGE_WEIGHT_TYPE: EXPLICIT
EDGE_WEIGHT_FORMAT: FULL_MATRIX
EDGE_WEIGHT_SECTION
0 110 28 110 110 110 110 110 110 24 110 37 110 22
110 0 110 110 110 110 33 28 37 110 10 110 110 110
28 110 0 110 110 110 110 110 110 48 110 48 110 110
110 110 110 0 10 29 110 110 110 110 110 26 17 39
110 110 110 10 0 110 22 13 110 110 110 35 14 110
110 110 110 29 110 0 110 19 13 110 24 110 16 33
110 33 110 110 22 110 0 24 110 110 110 53 110 110
110 28 110 110 13 19 24 0 110 110 22 110 5 110
110 37 110 110 110 13 110 110 0 43 27 110 110 37
24 110 48 110 110 110 110 110 43 0 110 110 110 12
110 10 110 110 110 24 110 22 27 110 0 110 110 110
37 110 48 26 35 110 53 110 110 110 110 0 110 44
110 110 110 17 14 16 110 5 110 110 110 110 0 110
22 110 110 39 110 33 110 110 37 12 110 44 110 0
EOF
