NAME: random29
TYPE: TSP
DIMENSION: 29
EDGE_WEIGHT_TYPE: EXPLICIT
EDGE_WEIGHT_FORMAT: FULL_MATRIX
EDGE_WEIGHT_SECTION
0 125 48 58 46 125 81 25 125 52 107 67 54 22 16 82 125 87 60 44 74 89 125 66 125 14 63 25 125
125 0 44 66 70 17 35 125 23 125 18 76 42 125 125 13 42 10 42 56 43 32 21 125 19 125 30 108 31
48 44 0 41 37 28 42 33 22 47 59 125 12 29 37 34 12 39 22 21 38 125 125 58 38 52 16 66 15
58 66 41 0 12 50 125 60 47 12 125 13 31 38 42 63 31 125 25 60 26 44 62 18 49 69 51 83 42
46 70 37 12 0 53 78 50 48 11 125 23 29 27 30 65 30 125 28 53 35 52 70 24 55 57 50 70 42
125 17 28 50 53 0 36 125 6 125 32 61 25 125 125 14 24 17 25 43 31 27 28 125 14 125 16 93 14
81 35 42 125 78 36 0 57 36 88 52 93 50 68 75 24 49 26 55 38 125 63 56 98 48 78 29 90 39
25 125 33 60 50 125 57 0 54 60 90 73 43 24 27 62 42 67 51 20 125 125 125 74 125 21 44 35 47
125 23 22 47 48 6 36 54 0 57 37 59 20 50 58 16 19 20 22 38 30 30 33 125 18 125 12 88 8
52 125 47 12 11 125 88 60 57 0 125 15 39 36 37 125 39 125 35 63 38 56 74 14 61 65 125 77 51
107 18 59 125 125 32 52 90 37 125 0 81 125 86 125 31 125 27 52 73 48 31 12 87 25 111 46 125 45
67 76 125 13 23 61 93 73 59 15 81 0 44 50 52 125 44 125 37 73 33 50 69 7 58 79 125 92 54
54 42 12 31 29 25 50 43 20 39 125 44 0 32 39 36 1 125 9 34 26 37 48 48 32 59 21 74 13
22 125 29 38 27 125 68 24 50 36 86 50 32 0 8 63 32 68 38 33 52 125 125 50 63 31 45 45 42
16 125 37 42 30 125 75 27 58 37 125 52 39 8 0 125 39 125 45 39 58 74 125 51 71 27 53 41 50
82 13 34 63 65 14 24 62 16 125 31 125 36 63 125 0 35 5 38 43 45 39 33 80 24 83 18 96 23
125 42 12 31 30 24 49 42 19 39 125 44 1 32 39 35 0 125 10 33 26 37 48 125 31 125 20 74 12
87 10 39 125 125 17 26 67 20 125 27 125 125 68 125 5 125 0 42 48 47 39 31 84 25 88 23 101 28
60 42 22 25 28 25 55 51 22 35 52 37 9 38 45 38 10 42 0 43 16 29 43 43 27 125 27 125 17
44 56 21 60 53 43 38 20 38 63 73 73 34 33 39 43 33 48 43 0 125 125 71 76 56 41 27 54 33
74 43 38 26 35 31 125 125 30 38 48 33 26 52 58 45 26 47 16 125 0 18 37 40 25 125 40 97 29
89 32 125 44 52 27 63 125 30 56 31 50 37 125 74 39 37 39 29 125 18 0 19 57 15 125 42 111 34
125 21 125 62 70 28 56 125 33 74 12 69 48 125 125 33 48 31 43 71 37 19 0 76 17 125 44 121 40
66 125 58 18 24 125 98 74 125 14 87 7 48 50 51 80 125 84 43 76 40 57 76 0 64 79 69 91 125
125 19 38 49 55 14 48 125 18 61 25 58 32 63 71 24 31 25 27 56 25 15 17 64 0 125 30 125 24
14 125 52 69 57 125 78 21 125 65 111 79 59 31 27 83 125 88 125 41 125 125 125 79 125 0 65 15 125
63 30 16 51 50 16 29 44 12 125 46 125 21 45 53 18 20 23 27 27 40 42 44 69 30 65 0 79 11
25 108 66 83 70 93 90 35 88 77 125 92 74 45 41 96 74 101 125 54 97 111 121 91 125 15 79 0 81
125 31 15 42 42 14 39 47 8 51 45 54 13 42 50 23 12 28 17 33 29 34 40 125 24 125 11 81 0
EOF
