NAME: random27
TYPE: TSP
DIMENSION: 27
EDGE_WEIGHT_TYPE: EXPLICIT
EDGE_WEIGHT_FORMAT: FULL_MATRIX
EDGE_WEIGHT_SECTION
0 31 17 76 35 46 33 54 6 70 61 74 37 33 30 22 44 46 23 78 59 119 42 51 30 19 11
31 0 37 68 20 15 1 119 37 119 119 119 69 119 48 53 13 39 37 119 37 119 11 48 6 48 22
17 37 0 119 48 52 38 68 19 84 74 119 42 43 47 30 47 61 40 92 70 101 46 67 33 31 17
76 68 119 0 48 65 68 72 78 74 82 12 119 81 57 119 72 31 56 82 38 82 71 26 119 77 76
35 20 48 48 0 24 21 65 39 77 119 50 67 56 36 52 29 19 26 119 24 119 27 28 26 45 31
46 15 52 65 24 0 14 119 52 119 119 70 83 119 58 68 8 41 47 119 29 119 8 51 19 62 37
33 1 38 68 21 14 0 119 38 119 119 119 70 119 49 55 12 39 38 119 36 119 10 49 7 50 23
54 119 68 72 65 119 119 0 50 16 11 62 39 27 30 40 119 57 41 24 82 33 119 52 119 37 64
6 37 19 78 39 52 38 50 0 66 57 75 32 27 28 17 50 48 23 74 63 119 48 52 36 14 17
70 119 84 74 77 119 119 16 66 0 15 63 54 43 43 56 119 66 55 9 91 17 119 59 119 53 80
61 119 74 82 119 119 119 11 57 15 0 72 40 31 39 44 99 68 50 19 119 29 119 63 88 43 72
74 119 119 12 50 70 119 62 75 63 72 0 89 74 51 119 119 32 52 71 46 71 119 24 119 72 76
37 69 42 119 67 83 70 39 32 54 40 89 0 15 39 15 81 119 44 58 119 69 80 71 67 22 48
33 119 43 81 56 119 119 27 27 43 31 74 15 0 25 13 75 57 31 49 119 59 119 56 62 14 44
30 48 47 57 36 58 49 30 28 43 39 51 39 25 0 29 119 32 11 52 56 60 119 32 50 21 38
22 53 30 119 52 68 55 40 17 56 44 119 15 13 29 0 66 57 30 63 119 72 64 59 52 8 34
44 13 47 72 29 8 12 119 50 119 99 119 81 75 119 66 0 47 49 112 36 119 2 119 14 61 33
46 39 61 31 19 41 39 57 48 66 68 32 119 57 32 57 47 0 27 75 25 79 45 9 45 49 46
23 37 40 56 26 47 38 41 23 55 50 52 44 31 11 30 49 27 0 63 47 71 47 30 39 22 28
78 119 92 82 119 119 119 24 74 9 19 71 58 49 52 63 112 75 63 0 119 11 119 68 102 60 88
59 37 70 38 24 29 36 82 63 91 119 46 119 119 56 119 36 25 47 119 0 104 36 33 43 69 53
119 119 101 82 119 119 119 33 119 17 29 71 69 59 60 72 119 79 71 11 104 0 119 72 119 119 119
42 11 46 71 27 8 10 119 48 119 119 119 80 119 119 64 2 45 47 119 36 119 0 119 13 119 32
51 48 67 26 28 51 49 52 52 59 63 24 71 56 32 59 119 9 30 68 33 72 119 0 54 51 52
30 6 33 119 26 19 7 119 36 119 88 119 67 62 50 52 14 45 39 102 43 119 13 54 0 48 19
19 48 31 77 45 62 50 37 14 53 43 72 22 14 21 8 61 49 22 60 69 119 119 51 48 0 30
11 22 17 76 31 37 23 64 17 80 72 76 48 44 38 34 33 46 28 88 53 119 32 52 19 30 0
EOF
