NAME: random7
TYPE: TSP
DIMENSION: 7
EDGE_WEIGHT_TYPE: EXPLICIT
EDGE_WEIGHT_FORMAT: FULL_MATRIX
EDGE_WEIGHT_SECTION
0 37 93 83 34 60 78
37 0 57 65 28 25 66
93 57 0 67 71 40 76
83 65 67 0 49 75 12
34 28 71 49 0 51 45
60 25 40 75 51 0 80
78 66 76 12 45 80 0
EOF
