NAME: random26
TYPE: TSP
DIMENSION: 26
EDGE_WEIGHT_TYPE: EXPLICIT
EDGE_WEIGHT_FORMAT: FULL_MATRIX
EDGE_WEIGHT_SECTION
0 53 1100 4 54 13 24 23 1100 26 35 1100 1100 47 37 1100 59 16 39 28 42 27 1100 81 1100 42
53 0 61 1100 59 1100 49 1100 23 36 28 69 27 50 17 18 19 48 1100 43 22 1100 24 1100 12 1100
1100 61 0 1100 13 1100 1100 61 73 42 41 13 44 18 1100 77 46 1100 60 37 1100 1100 74 17 58 64
4 1100 1100 0 56 10 27 20 1100 30 39 1100 1100 1100 42 1100 1100 19 37 31 1100 22 1100 83 1100 39
54 59 13 56 0 1100 1100 48 1100 34 35 26 49 10 57 1100 47 1100 47 27 1100 66 76 27 59 51
13 1100 1100 10 1100 0 24 26 1100 39 47 1100 1100 1100 47 60 1100 18 42 41 49 20 1100 1100 1100 44
24 49 1100 27 1100 24 0 47 70 40 43 1100 1100 1100 32 39 1100 8 1100 45 29 45 1100 1100 1100 1100
23 1100 61 20 48 26 47 0 1100 35 45 1100 1100 45 56 1100 1100 39 17 32 1100 18 1100 74 1100 19
1100 23 73 1100 1100 1100 70 1100 0 58 49 77 29 66 40 32 28 1100 1100 1100 41 1100 1 86 16 1100
26 36 42 30 34 39 40 35 58 0 10 1100 43 24 27 44 36 34 46 8 37 49 1100 1100 42 50
35 28 41 39 35 47 43 45 49 10 0 52 33 25 22 39 26 39 56 15 33 1100 50 58 33 1100
1100 69 13 1100 26 1100 1100 1100 77 1100 52 0 48 31 1100 86 51 1100 72 50 1100 1100 78 9 64 76
1100 27 44 1100 49 1100 1100 1100 29 43 33 48 0 41 40 45 9 1100 85 46 1100 1100 30 57 18 1100
47 50 18 1100 10 1100 1100 45 66 24 25 31 41 0 47 63 39 58 47 19 1100 1100 68 35 50 52
37 17 1100 42 57 47 32 56 40 27 22 1100 40 47 0 18 31 31 1100 34 11 1100 41 1100 28 1100
1100 18 77 1100 1100 60 39 1100 32 44 39 86 45 63 18 0 37 42 1100 52 11 1100 33 1100 29 1100
59 19 46 1100 47 1100 1100 1100 28 36 26 51 9 39 31 37 0 59 80 40 39 1100 29 60 13 1100
16 48 1100 19 1100 18 8 39 1100 34 39 1100 1100 58 31 42 59 0 56 39 32 38 1100 1100 1100 1100
39 1100 60 37 47 42 1100 17 1100 46 56 72 85 47 1100 1100 80 56 0 41 1100 29 1100 70 1100 4
28 43 37 31 27 41 45 32 1100 8 15 50 46 19 34 52 40 39 41 0 1100 48 1100 54 48 45
42 22 1100 1100 1100 49 29 1100 41 37 33 1100 1100 1100 11 11 39 32 1100 1100 0 1100 42 1100 33 1100
27 1100 1100 22 66 20 45 18 1100 49 1100 1100 1100 1100 1100 1100 1100 38 29 48 1100 0 1100 92 1100 29
1100 24 74 1100 76 1100 1100 1100 1 1100 50 78 30 68 41 33 29 1100 1100 1100 42 1100 0 87 18 1100
81 1100 17 83 27 1100 1100 74 86 1100 58 9 57 35 1100 1100 60 1100 70 54 1100 92 87 0 1100 73
1100 12 58 1100 59 1100 1100 1100 16 42 33 64 18 50 28 29 13 1100 1100 48 33 1100 18 1100 0 1100
42 1100 64 39 51 44 1100 19 1100 50 1100 76 1100 52 1100 1100 1100 1100 4 45 1100 29 1100 73 1100 0
EOF
