NAME: random8
TYPE: TSP
DIMENSION: 8
EDGE_WEIGHT_TYPE: EXPLICIT
EDGE_WEIGHT_FORMAT: FULL_MATRIX
EDGE_WEIGHT_SECTION
0 44 115 72 60 53 28 60
44 0 82 46 35 31 21 27
115 82 0 44 55 62 88 57
72 46 44 0 12 19 45 19
60 35 55 12 0 7 33 11
53 31 62 19 7 0 27 13
28 21 88 45 33 27 0 32
60 27 57 19 11 13 32 0
EOF
