NAME: random16
TYPE: TSP
DIMENSION: 16
EDGE_WEIGHT_TYPE: EXPLICIT
EDGE_WEIGHT_FORMAT: FULL_MATRIX
EDGE_WEIGHT_SECTION
0 1020 33 59 44 1020 62 23 48 8 41 35 49 53 61 20
1020 0 26 18 1020 3 21 39 44 52 1020 43 24 54 1020 78
33 26 0 33 1020 25 37 13 41 27 1020 32 19 51 70 52
59 18 33 0 1020 15 3 46 30 55 1020 33 39 38 63 79
44 1020 1020 1020 0 1020 1020 67 1020 51 6 68 1020 79 71 28
1020 3 25 15 1020 0 18 38 41 51 1020 39 25 50 1020 76
62 21 37 3 1020 18 0 49 31 1020 1020 35 42 39 63 1020
23 39 13 46 67 38 49 0 48 16 64 36 26 56 72 41
48 44 41 30 1020 41 31 48 0 48 73 13 57 10 33 1020
8 52 27 55 51 51 1020 16 48 0 48 35 42 55 65 26
41 1020 1020 1020 6 1020 1020 64 73 48 0 63 90 73 66 26
35 43 32 33 68 39 35 36 13 35 63 0 50 20 38 53
49 24 19 39 1020 25 42 26 57 42 90 50 0 1020 1020 66
53 54 51 38 79 50 39 56 10 55 73 20 1020 0 25 69
61 1020 70 63 71 1020 63 72 33 65 66 38 1020 25 0 71
20 78 52 79 28 76 1020 41 1020 26 26 53 66 69 71 0
EOF
