NAME: random20
TYPE: TSP
DIMENSION: 20
EDGE_WEIGHT_TYPE: EXPLICIT
EDGE_WEIGHT_FORMAT: FULL_MATRIX
EDGE_WEIGHT_SECTION
0 31 59 43 1060 36 20 1060 49 1060 27 1060 44 7 42 26 1060 1060 47 67
31 0 1060 1060 66 63 11 79 1060 1060 14 72 35 26 54 27 97 36 1060 1060
59 1060 0 38 80 24 76 99 10 48 1060 73 1060 61 47 1060 67 1060 34 44
43 1060 38 0 43 23 52 62 35 30 1060 39 39 41 8 33 46 39 5 24
1060 66 80 43 0 65 1060 20 1060 42 1060 10 32 65 36 46 41 31 46 41
36 63 24 23 65 0 53 1060 16 46 63 61 55 38 29 41 65 55 22 41
20 11 76 52 1060 53 0 81 67 1060 12 1060 36 15 48 22 1060 37 1060 1060
1060 79 99 62 20 1060 81 0 1060 58 1060 26 46 1060 56 62 51 44 1060 58
49 1060 10 35 1060 16 67 1060 0 51 77 1060 1060 52 43 57 1060 1060 32 46
1060 1060 48 30 42 46 1060 58 51 0 1060 33 1060 1060 33 1060 19 58 27 6
27 14 1060 1060 1060 63 12 1060 77 1060 0 1060 47 25 60 35 1060 48 1060 1060
1060 72 73 39 10 61 1060 26 1060 33 1060 0 38 66 33 49 31 37 41 33
44 35 1060 39 32 55 36 46 1060 1060 47 38 0 37 31 18 1060 1 1060 54
7 26 61 41 65 38 15 1060 52 1060 25 66 37 0 38 19 1060 38 45 64
42 54 47 8 36 29 48 56 43 33 60 33 31 38 0 27 47 31 13 27
26 27 1060 33 46 41 22 62 57 1060 35 49 18 19 27 0 1060 19 38 54
1060 97 67 46 41 65 1060 51 1060 19 1060 31 1060 1060 47 1060 0 65 45 24
1060 36 1060 39 31 55 37 44 1060 58 48 37 1 38 31 19 65 0 1060 54
47 1060 34 5 46 22 1060 1060 32 27 1060 41 1060 45 13 38 45 1060 0 21
67 1060 44 24 41 41 1060 58 46 6 1060 33 54 64 27 54 24 54 21 0
EOF
