NAME: random21
TYPE: TSP
DIMENSION: 21
EDGE_WEIGHT_TYPE: EXPLICIT
EDGE_WEIGHT_FORMAT: FULL_MATRIX
EDGE_WEIGHT_SECTION
0 72 29 45 39 58 14 1070 98 72 56 61 1070 48 25 33 50 1070 1070 67 36
72 0 52 1070 1070 1070 61 1070 1070 36 1070 1070 76 25 50 59 26 71 28 64 51
29 52 0 1070 54 1070 15 1070 1070 65 1070 1070 1070 33 25 43 38 1070 68 1070 40
45 1070 1070 0 8 31 1070 28 55 54 12 19 1070 1070 38 21 1070 50 1070 31 27
39 1070 54 8 0 37 44 34 59 49 16 27 63 47 30 12 44 51 63 31 19
58 1070 1070 31 37 0 69 43 70 1070 37 20 85 1070 63 48 1070 74 1070 59 56
14 61 15 1070 44 69 0 1070 1070 1070 1070 1070 1070 38 20 34 41 1070 1070 1070 34
1070 1070 1070 28 34 43 1070 0 28 55 17 23 43 1070 1070 44 65 33 69 24 47
98 1070 1070 55 59 70 1070 28 0 59 43 50 26 1070 1070 1070 78 25 71 35 67
72 36 65 54 49 1070 1070 55 59 0 48 68 41 33 47 44 27 34 15 30 37
56 1070 1070 12 16 37 1070 17 43 48 0 20 51 1070 44 27 51 39 1070 21 30
61 1070 1070 19 27 20 1070 23 50 68 20 0 65 1070 1070 40 1070 54 1070 40 46
1070 76 1070 1070 63 85 1070 43 26 41 51 65 0 71 78 1070 66 12 50 32 63
48 25 33 1070 47 1070 38 1070 1070 33 1070 1070 71 0 25 35 6 1070 35 49 28
25 50 25 38 30 63 20 1070 1070 47 44 1070 78 25 0 18 25 67 55 49 15
33 59 43 21 12 48 34 44 1070 44 27 40 1070 35 18 0 33 54 56 35 8
50 26 38 1070 44 1070 41 65 78 27 51 1070 66 6 25 33 0 57 31 44 25
1070 71 1070 50 51 74 1070 33 25 34 39 54 12 1070 67 54 57 0 46 20 52
1070 28 68 1070 63 1070 1070 69 71 15 1070 1070 50 35 55 56 31 46 0 45 48
67 64 1070 31 31 59 1070 24 35 30 21 40 32 49 49 35 44 20 45 0 33
36 51 40 27 19 56 34 47 67 37 30 46 63 28 15 8 25 52 48 33 0
EOF
