NAME: random14
TYPE: TSP
DIMENSION: 14
EDGE_WEIGHT_TYPE: EXPLICIT
EDGE_WEIGHT_FORMAT: FULL_MATRIX
EDGE_WEIGHT_SECTION
0 1100 28 45 55 52 77 1100 58 24 75 37 54 22
1100 0 1100 47 39 34 33 28 37 76 10 74 32 67
28 1100 0 67 77 79 1100 1100 85 48 1100 48 1100 49
45 47 67 0 10 29 31 19 42 51 41 26 17 39
55 39 77 10 0 29 22 13 42 58 35 35 14 46
52 34 79 29 29 0 43 19 13 42 24 52 16 33
77 33 1100 31 22 43 0 24 54 1100 35 53 29 67
1100 28 1100 19 13 19 24 0 31 56 22 46 5 45
58 37 85 42 42 13 54 31 0 43 27 64 28 37
24 76 48 51 58 42 1100 56 43 0 66 54 51 12
75 10 1100 41 35 24 35 22 27 66 0 68 25 57
37 74 48 26 35 52 53 46 64 54 68 0 43 44
54 32 1100 17 14 16 29 5 28 51 25 43 0 40
22 67 49 39 46 33 67 45 37 12 57 44 40 0
EOF
