NAME: random18
TYPE: TSP
DIMENSION: 18
EDGE_WEIGHT_TYPE: EXPLICIT
EDGE_WEIGHT_FORMAT: FULL_MATRIX
EDGE_WEIGHT_SECTION
0 40 32 48 62 34 49 58 36 48 16 34 63 24 53 39 47 33
40 0 57 83 64 71 21 78 1070 1070 25 64 1070 63 1070 57 1070 33
32 57 0 30 94 24 74 1070 20 1070 43 9 1070 38 1070 70 56 63
48 83 30 0 1070 14 1070 89 13 57 64 21 47 37 49 78 40 80
62 64 94 1070 0 90 48 31 1070 63 55 1070 92 68 78 27 80 34
34 71 24 14 90 0 1070 76 5 48 50 16 45 24 43 64 33 66
49 21 74 1070 48 1070 0 68 1070 83 33 1070 1070 70 1070 50 1070 25
58 78 1070 89 31 76 68 0 1070 37 59 1070 66 52 52 21 56 45
36 1070 20 13 1070 5 1070 1070 0 53 51 11 50 29 48 68 39 1070
48 1070 1070 57 63 48 83 37 53 0 59 61 29 28 15 38 20 58
16 25 43 64 55 50 33 59 51 59 0 47 1070 39 1070 38 1070 22
34 64 9 21 1070 16 1070 1070 11 61 47 0 61 35 1070 70 49 67
63 1070 1070 47 92 45 1070 66 50 29 1070 61 0 40 14 67 16 84
24 63 38 37 68 24 70 52 29 28 39 35 40 0 30 40 24 48
53 1070 1070 49 78 43 1070 52 48 15 1070 1070 14 30 0 52 9 1070
39 57 70 78 27 64 50 21 68 38 38 70 67 40 52 0 53 25
47 1070 56 40 80 33 1070 56 39 20 1070 49 16 24 9 53 0 68
33 33 63 80 34 66 25 45 1070 58 22 67 84 48 1070 25 68 0
EOF
