NAME: random16
TYPE: TSP
DIMENSION: 16
EDGE_WEIGHT_TYPE: EXPLICIT
EDGE_WEIGHT_FORMAT: FULL_MATRIX
EDGE_WEIGHT_SECTION
0 102 33 59 44 102 62 23 48 8 41 35 49 53 61 20
102 0 26 18 102 3 21 39 44 52 102 43 24 54 102 78
33 26 0 33 102 25 37 13 41 27 102 32 19 51 70 52
59 18 33 0 102 15 3 46 30 55 102 33 39 38 63 79
44 102 102 102 0 102 102 67 102 51 6 68 102 79 71 28
102 3 25 15 102 0 18 38 41 51 102 39 25 50 102 76
62 21 37 3 102 18 0 49 31 102 102 35 42 39 63 102
23 39 13 46 67 38 49 0 48 16 64 36 26 56 72 41
48 44 41 30 102 41 31 48 0 48 73 13 57 10 33 102
8 52 27 55 51 51 102 16 48 0 48 35 42 55 65 26
41 102 102 102 6 102 102 64 73 48 0 63 90 73 66 26
35 43 32 33 68 39 35 36 13 35 63 0 50 20 38 53
49 24 19 39 102 25 42 26 57 42 90 50 0 102 102 66
53 54 51 38 79 50 39 56 10 55 73 20 102 0 25 69
61 102 70 63 71 102 63 72 33 65 66 38 102 25 0 71
20 78 52 79 28 76 102 41 102 26 26 53 66 69 71 0
EOF
