NAME: random20
TYPE: TSP
DIMENSION: 20
EDGE_WEIGHT_TYPE: EXPLICIT
EDGE_WEIGHT_FORMAT: FULL_MATRIX
EDGE_WEIGHT_SECTION
0 31 59 43 106 36 20 106 49 106 27 106 44 7 42 26 106 106 47 67
31 0 106 106 66 63 11 79 106 106 14 72 35 26 54 27 97 36 106 106
59 106 0 38 80 24 76 99 10 48 106 73 106 61 47 106 67 106 34 44
43 106 38 0 43 23 52 62 35 30 106 39 39 41 8 33 46 39 5 24
106 66 80 43 0 65 106 20 106 42 106 10 32 65 36 46 41 31 46 41
36 63 24 23 65 0 53 106 16 46 63 61 55 38 29 41 65 55 22 41
20 11 76 52 106 53 0 81 67 106 12 106 36 15 48 22 106 37 106 106
106 79 99 62 20 106 81 0 106 58 106 26 46 106 56 62 51 44 106 58
49 106 10 35 106 16 67 106 0 51 77 106 106 52 43 57 106 106 32 46
106 106 48 30 42 46 106 58 51 0 106 33 106 106 33 106 19 58 27 6
27 14 106 106 106 63 12 106 77 106 0 106 47 25 60 35 106 48 106 106
106 72 73 39 10 61 106 26 106 33 106 0 38 66 33 49 31 37 41 33
44 35 106 39 32 55 36 46 106 106 47 38 0 37 31 18 106 1 106 54
7 26 61 41 65 38 15 106 52 106 25 66 37 0 38 19 106 38 45 64
42 54 47 8 36 29 48 56 43 33 60 33 31 38 0 27 47 31 13 27
26 27 106 33 46 41 22 62 57 106 35 49 18 19 27 0 106 19 38 54
106 97 67 46 41 65 106 51 106 19 106 31 106 106 47 106 0 65 45 24
106 36 106 39 31 55 37 44 106 58 48 37 1 38 31 19 65 0 106 54
47 106 34 5 46 22 106 106 32 27 106 41 106 45 13 38 45 106 0 21
67 106 44 24 41 41 106 58 46 6 106 33 54 64 27 54 24 54 21 0
EOF
