NAME: random22
TYPE: TSP
DIMENSION: 22
EDGE_WEIGHT_TYPE: EXPLICIT
EDGE_WEIGHT_FORMAT: FULL_MATRIX
EDGE_WEIGHT_SECTION
0 43 15 22 33 21 66 48 74 53 60 22 24 62 123 56 35 123 46 28 45 45
43 0 58 23 21 51 41 123 37 63 39 25 27 123 52 26 123 47 123 35 123 123
15 58 0 37 48 27 123 33 123 53 69 35 35 58 123 68 21 81 40 36 32 36
22 23 37 0 13 29 55 69 57 123 123 14 19 123 123 42 57 123 61 28 123 123
33 21 48 13 0 33 60 123 57 123 56 26 31 123 123 46 66 66 123 40 123 123
21 51 27 29 33 0 123 58 86 74 123 38 42 83 123 71 38 123 66 48 60 63
66 41 123 55 60 123 0 123 22 46 7 45 42 64 27 15 123 6 69 40 123 123
48 123 33 69 123 58 123 0 123 59 123 123 123 52 123 123 23 123 34 59 13 26
74 37 123 57 57 86 22 123 0 66 27 52 51 85 15 19 123 24 123 53 123 123
53 63 53 123 123 74 46 59 66 0 40 123 40 19 73 50 123 48 26 31 46 33
60 39 69 123 56 123 7 123 27 40 0 39 36 58 34 14 123 12 62 33 123 68
22 25 35 14 26 38 45 123 52 123 39 0 5 123 123 34 57 123 50 14 123 123
24 27 35 19 31 42 42 123 51 40 36 5 0 123 123 33 57 48 46 9 123 49
62 123 58 123 123 83 64 52 85 19 58 123 123 0 123 68 68 66 20 46 40 27
123 52 123 123 123 123 27 123 15 73 34 123 123 123 0 31 123 25 123 123 123 123
56 26 68 42 46 71 15 123 19 50 14 34 33 68 31 0 123 20 69 34 123 123
35 123 21 57 66 38 123 23 123 123 123 57 57 68 123 123 0 123 48 57 31 42
123 47 81 123 66 123 6 123 24 48 12 123 48 66 25 20 123 0 72 45 90 78
46 123 40 61 123 66 69 34 123 26 62 50 46 20 123 69 48 72 0 39 21 8
28 35 36 28 40 48 40 59 53 31 33 14 9 46 123 34 57 45 39 0 50 42
45 123 32 123 123 60 123 13 123 46 123 123 123 40 123 123 31 90 21 50 0 14
45 123 36 123 123 63 123 26 123 33 68 123 49 27 123 123 42 78 8 42 14 0
EOF
