NAME: random26
TYPE: TSP
DIMENSION: 26
EDGE_WEIGHT_TYPE: EXPLICIT
EDGE_WEIGHT_FORMAT: FULL_MATRIX
EDGE_WEIGHT_SECTION
0 53 110 4 54 13 24 23 110 26 35 110 110 47 37 110 59 16 39 28 42 27 110 81 110 42
53 0 61 110 59 110 49 110 23 36 28 69 27 50 17 18 19 48 110 43 22 110 24 110 12 110
110 61 0 110 13 110 110 61 73 42 41 13 44 18 110 77 46 110 60 37 110 110 74 17 58 64
4 110 110 0 56 10 27 20 110 30 39 110 110 110 42 110 110 19 37 31 110 22 110 83 110 39
54 59 13 56 0 110 110 48 110 34 35 26 49 10 57 110 47 110 47 27 110 66 76 27 59 51
13 110 110 10 110 0 24 26 110 39 47 110 110 110 47 60 110 18 42 41 49 20 110 110 110 44
24 49 110 27 110 24 0 47 70 40 43 110 110 110 32 39 110 8 110 45 29 45 110 110 110 110
23 110 61 20 48 26 47 0 110 35 45 110 110 45 56 110 110 39 17 32 110 18 110 74 110 19
110 23 73 110 110 110 70 110 0 58 49 77 29 66 40 32 28 110 110 110 41 110 1 86 16 110
26 36 42 30 34 39 40 35 58 0 10 110 43 24 27 44 36 34 46 8 37 49 110 110 42 50
35 28 41 39 35 47 43 45 49 10 0 52 33 25 22 39 26 39 56 15 33 110 50 58 33 110
110 69 13 110 26 110 110 110 77 110 52 0 48 31 110 86 51 110 72 50 110 110 78 9 64 76
110 27 44 110 49 110 110 110 29 43 33 48 0 41 40 45 9 110 85 46 110 110 30 57 18 110
47 50 18 110 10 110 110 45 66 24 25 31 41 0 47 63 39 58 47 19 110 110 68 35 50 52
37 17 110 42 57 47 32 56 40 27 22 110 40 47 0 18 31 31 110 34 11 110 41 110 28 110
110 18 77 110 110 60 39 110 32 44 39 86 45 63 18 0 37 42 110 52 11 110 33 110 29 110
59 19 46 110 47 110 110 110 28 36 26 51 9 39 31 37 0 59 80 40 39 110 29 60 13 110
16 48 110 19 110 18 8 39 110 34 39 110 110 58 31 42 59 0 56 39 32 38 110 110 110 110
39 110 60 37 47 42 110 17 110 46 56 72 85 47 110 110 80 56 0 41 110 29 110 70 110 4
28 43 37 31 27 41 45 32 110 8 15 50 46 19 34 52 40 39 41 0 110 48 110 54 48 45
42 22 110 110 110 49 29 110 41 37 33 110 110 110 11 11 39 32 110 110 0 110 42 110 33 110
27 110 110 22 66 20 45 18 110 49 110 110 110 110 110 110 110 38 29 48 110 0 110 92 110 29
110 24 74 110 76 110 110 110 1 110 50 78 30 68 41 33 29 110 110 110 42 110 0 87 18 110
81 110 17 83 27 110 110 74 86 110 58 9 57 35 110 110 60 110 70 54 110 92 87 0 110 73
110 12 58 110 59 110 110 110 16 42 33 64 18 50 28 29 13 110 110 48 33 110 18 110 0 110
42 110 64 39 51 44 110 19 110 50 110 76 110 52 110 110 110 110 4 45 110 29 110 73 110 0
EOF
