NAME: random19
TYPE: TSP
DIMENSION: 19
EDGE_WEIGHT_TYPE: EXPLICIT
EDGE_WEIGHT_FORMAT: FULL_MATRIX
EDGE_WEIGHT_SECTION
0 92 92 58 92 24 92 26 23 30 33 92 53 17 20 8 50 92 92
92 0 10 92 89 41 31 39 41 92 92 92 92 92 92 58 52 11 31
92 10 0 92 85 48 26 47 48 92 92 69 92 92 92 92 52 9 21
58 92 92 0 35 52 59 92 92 31 33 22 17 41 40 92 28 71 77
92 89 85 35 0 77 59 88 92 60 68 21 37 92 92 92 44 79 73
24 41 48 52 77 0 46 11 7 22 43 56 41 21 18 21 34 40 59
92 31 26 59 59 46 0 51 49 48 92 44 41 59 54 66 32 21 18
26 39 47 92 88 11 51 0 5 33 92 67 92 92 27 20 44 40 62
23 41 48 92 92 7 49 5 0 28 92 92 92 25 22 18 40 41 62
30 92 92 31 60 22 48 33 28 0 26 40 23 13 10 32 21 52 66
33 92 92 33 68 43 92 92 92 26 0 53 39 22 25 40 43 92 92
92 92 69 22 21 56 44 67 92 40 53 0 17 53 50 92 23 61 60
53 92 92 17 37 41 41 92 92 23 39 17 0 36 34 55 11 54 60
17 92 92 41 92 21 59 92 25 13 22 53 36 0 4 21 34 92 92
20 92 92 40 92 18 54 27 22 10 25 50 34 4 0 22 31 54 92
8 58 92 92 92 21 66 20 18 32 40 92 55 21 22 0 51 59 92
50 52 52 28 44 34 32 44 40 21 43 23 11 34 31 51 0 43 50
92 11 9 71 79 40 21 40 41 52 92 61 54 92 54 59 43 0 23
92 31 21 77 73 59 18 62 62 66 92 60 60 92 92 92 50 23 0
EOF
