NAME: random27
TYPE: TSP
DIMENSION: 27
EDGE_WEIGHT_TYPE: EXPLICIT
EDGE_WEIGHT_FORMAT: FULL_MATRIX
EDGE_WEIGHT_SECTION
0 31 17 76 35 46 33 54 6 70 61 74 37 33 30 22 44 46 23 78 59 1190 42 51 30 19 11
31 0 37 68 20 15 1 1190 37 1190 1190 1190 69 1190 48 53 13 39 37 1190 37 1190 11 48 6 48 22
17 37 0 1190 48 52 38 68 19 84 74 1190 42 43 47 30 47 61 40 92 70 101 46 67 33 31 17
76 68 1190 0 48 65 68 72 78 74 82 12 1190 81 57 1190 72 31 56 82 38 82 71 26 1190 77 76
35 20 48 48 0 24 21 65 39 77 1190 50 67 56 36 52 29 19 26 1190 24 1190 27 28 26 45 31
46 15 52 65 24 0 14 1190 52 1190 1190 70 83 1190 58 68 8 41 47 1190 29 1190 8 51 19 62 37
33 1 38 68 21 14 0 1190 38 1190 1190 1190 70 1190 49 55 12 39 38 1190 36 1190 10 49 7 50 23
54 1190 68 72 65 1190 1190 0 50 16 11 62 39 27 30 40 1190 57 41 24 82 33 1190 52 1190 37 64
6 37 19 78 39 52 38 50 0 66 57 75 32 27 28 17 50 48 23 74 63 1190 48 52 36 14 17
70 1190 84 74 77 1190 1190 16 66 0 15 63 54 43 43 56 1190 66 55 9 91 17 1190 59 1190 53 80
61 1190 74 82 1190 1190 1190 11 57 15 0 72 40 31 39 44 99 68 50 19 1190 29 1190 63 88 43 72
74 1190 1190 12 50 70 1190 62 75 63 72 0 89 74 51 1190 1190 32 52 71 46 71 1190 24 1190 72 76
37 69 42 1190 67 83 70 39 32 54 40 89 0 15 39 15 81 1190 44 58 1190 69 80 71 67 22 48
33 1190 43 81 56 1190 1190 27 27 43 31 74 15 0 25 13 75 57 31 49 1190 59 1190 56 62 14 44
30 48 47 57 36 58 49 30 28 43 39 51 39 25 0 29 1190 32 11 52 56 60 1190 32 50 21 38
22 53 30 1190 52 68 55 40 17 56 44 1190 15 13 29 0 66 57 30 63 1190 72 64 59 52 8 34
44 13 47 72 29 8 12 1190 50 1190 99 1190 81 75 1190 66 0 47 49 112 36 1190 2 1190 14 61 33
46 39 61 31 19 41 39 57 48 66 68 32 1190 57 32 57 47 0 27 75 25 79 45 9 45 49 46
23 37 40 56 26 47 38 41 23 55 50 52 44 31 11 30 49 27 0 63 47 71 47 30 39 22 28
78 1190 92 82 1190 1190 1190 24 74 9 19 71 58 49 52 63 112 75 63 0 1190 11 1190 68 102 60 88
59 37 70 38 24 29 36 82 63 91 1190 46 1190 1190 56 1190 36 25 47 1190 0 104 36 33 43 69 53
1190 1190 101 82 1190 1190 1190 33 1190 17 29 71 69 59 60 72 1190 79 71 11 104 0 1190 72 1190 1190 1190
42 11 46 71 27 8 10 1190 48 1190 1190 1190 80 1190 1190 64 2 45 47 1190 36 1190 0 1190 13 1190 32
51 48 67 26 28 51 49 52 52 59 63 24 71 56 32 59 1190 9 30 68 33 72 1190 0 54 51 52
30 6 33 1190 26 19 7 1190 36 1190 88 1190 67 62 50 52 14 45 39 102 43 1190 13 54 0 48 19
19 48 31 77 45 62 50 37 14 53 43 72 22 14 21 8 61 49 22 60 69 1190 1190 51 48 0 30
11 22 17 76 31 37 23 64 17 80 72 76 48 44 38 34 33 46 28 88 53 1190 32 52 19 30 0
EOF
