NAME: random23
TYPE: TSP
DIMENSION: 23
EDGE_WEIGHT_TYPE: EXPLICIT
EDGE_WEIGHT_FORMAT: FULL_MATRIX
EDGE_WEIGHT_SECTION
0 71 39 66 54 52 1200 8 94 70 44 103 91 61 63 39 53 95 58 53 19 41 1200
71 0 68 61 20 97 12 72 23 47 35 71 23 35 18 44 72 67 19 66 52 30 59
39 68 0 30 48 29 77 47 88 41 60 69 90 39 70 61 14 62 65 15 38 45 45
66 61 30 0 45 52 72 72 75 16 70 40 81 26 70 74 21 32 67 16 57 52 15
54 20 48 45 0 78 29 57 41 35 30 65 42 21 25 37 53 59 22 48 36 15 47
52 97 29 52 78 0 1200 59 118 66 86 89 120 68 98 84 31 82 93 37 60 73 67
1200 12 77 72 29 1200 0 74 24 59 33 83 17 47 13 42 1200 79 17 76 56 34 1200
8 72 47 72 57 59 74 0 95 1200 42 109 91 65 62 35 61 101 57 61 20 43 1200
94 23 88 75 41 118 24 95 0 59 56 74 12 51 36 65 90 72 40 84 75 53 69
70 47 41 16 35 66 59 1200 59 0 63 34 66 14 59 69 35 27 56 29 57 45 13
44 35 60 70 30 86 33 42 56 63 0 1200 50 49 20 9 70 1200 16 67 28 18 1200
103 71 69 40 65 89 83 109 74 34 1200 0 84 47 87 102 60 8 86 55 91 78 25
91 23 90 81 42 120 17 91 12 66 50 84 0 56 30 59 94 81 34 88 72 51 77
61 35 39 26 21 68 47 65 51 14 49 47 56 0 46 55 39 40 43 33 46 32 27
63 18 70 70 25 98 13 62 36 59 20 87 30 46 0 29 1200 82 5 72 45 25 1200
39 44 61 74 37 84 42 35 65 69 9 102 59 55 29 0 72 95 25 69 25 24 1200
53 72 14 21 53 31 1200 61 90 35 70 60 94 39 1200 72 0 52 72 6 50 54 36
95 67 62 32 59 82 79 101 72 27 1200 8 81 40 82 95 52 0 80 47 83 71 17
58 19 65 67 22 93 17 57 40 56 16 86 34 43 5 25 72 80 0 67 39 20 1200
53 66 15 16 48 37 76 61 84 29 67 55 88 33 72 69 6 47 67 0 48 49 31
19 52 38 57 36 60 56 20 75 57 28 91 72 46 45 25 50 83 39 48 0 23 1200
41 30 45 52 15 73 34 43 53 45 18 78 51 32 25 24 54 71 20 49 23 0 57
1200 59 45 15 47 67 1200 1200 69 13 1200 25 77 27 1200 1200 36 17 1200 31 1200 57 0
EOF
