NAME: random11TYPE: TSPDIMENSION: 11EDGE_WEIGHT_TYPE: EXPLICITEDGE_WEIGHT_FORMAT: FULL_MATRIXEDGE_WEIGHT_SECTION0 76 52 50 113 56 110 61 19 19 99
76 0 24 51 49 67 45 31 75 59 31
52 24 0 41 64 49 60 29 54 34 47
50 51 41 0 100 81 96 21 37 45 82
113 49 64 100 0 77 5 81 118 93 19
56 67 49 81 77 0 77 77 71 42 71
110 45 60 96 5 77 0 76 115 91 14
61 31 29 21 81 77 76 0 54 50 62
19 75 54 37 118 71 115 54 0 30 102
19 59 34 45 93 42 91 50 30 0 79
99 31 47 82 19 71 14 62 102 79 0
EOF
