NAME: random24
TYPE: TSP
DIMENSION: 24
EDGE_WEIGHT_TYPE: EXPLICIT
EDGE_WEIGHT_FORMAT: FULL_MATRIX
EDGE_WEIGHT_SECTION
0 48 60 38 88 72 32 62 32 46 41 33 19 6 58 49 20 28 14 48 56 100 56 29
48 0 82 10 88 69 74 47 47 81 18 59 67 43 39 78 35 37 43 14 72 86 67 20
60 82 0 76 42 38 38 52 36 24 65 28 63 59 57 14 52 46 50 71 12 65 19 67
38 10 76 0 86 68 65 47 41 73 15 52 58 33 39 71 27 30 34 16 67 88 63 11
88 88 42 86 0 18 77 42 56 65 71 58 98 85 50 55 72 63 75 74 36 26 33 81
72 69 38 68 18 0 66 24 40 57 53 44 84 68 33 47 55 46 59 56 27 30 21 62
32 74 38 65 77 66 0 68 34 17 61 23 26 35 68 24 39 40 31 69 41 96 45 54
62 47 52 47 42 24 68 0 34 65 31 44 78 57 8 56 42 34 49 33 40 41 33 44
32 47 36 41 56 40 34 34 0 36 31 13 45 28 34 31 17 11 19 38 28 69 26 31
46 81 24 73 65 57 17 65 36 0 66 23 43 47 67 10 47 45 41 73 30 87 36 63
41 18 65 15 71 53 61 31 31 66 0 43 60 35 24 62 23 21 31 8 54 72 49 14
33 59 28 52 58 44 23 44 13 23 43 0 40 31 45 19 26 22 23 50 24 74 25 41
19 67 63 58 98 84 26 78 45 43 60 40 0 25 75 49 38 45 30 67 63 113 65 49
6 43 59 33 85 68 35 57 28 47 35 31 25 0 53 49 15 23 9 42 54 95 53 23
58 39 57 39 50 33 68 8 34 67 24 45 75 53 0 59 38 31 46 25 45 48 38 37
49 78 14 71 55 47 24 56 31 10 62 19 49 49 59 0 45 41 41 69 20 77 26 60
20 35 52 27 72 55 39 42 17 47 23 26 38 15 38 45 0 9 9 30 45 81 43 16
28 37 46 30 63 46 40 34 11 45 21 22 45 23 31 41 9 0 15 29 38 72 35 20
14 43 50 34 75 59 31 49 19 41 31 23 30 9 46 41 9 15 0 39 45 86 44 23
48 14 71 16 74 56 69 33 38 73 8 50 67 42 25 69 30 29 39 0 60 73 55 19
56 72 12 67 36 27 41 40 28 30 54 24 63 54 45 20 45 38 45 60 0 56 7 58
100 86 65 88 26 30 96 41 69 87 72 74 113 95 48 77 81 72 86 73 56 0 51 85
56 67 19 63 33 21 45 33 26 36 49 25 65 53 38 26 43 35 44 55 7 51 0 54
29 20 67 11 81 62 54 44 31 63 14 41 49 23 37 60 16 20 23 19 58 85 54 0
EOF
