NAME: random32TYPE: TSPDIMENSION: 32EDGE_WEIGHT_TYPE: EXPLICITEDGE_WEIGHT_FORMAT: FULL_MATRIXEDGE_WEIGHT_SECTION0 66 46 94 34 77 21 45 42 49 28 10 75 77 82 84 70 82 45 17 40 57 18 58 35 70 54 44 26 25 74 62
66 0 23 45 36 77 53 25 91 19 93 60 11 46 42 67 75 88 21 64 44 56 63 28 98 31 95 64 63 56 61 96
46 23 0 65 25 80 38 22 78 18 74 39 34 58 58 76 76 90 7 49 38 56 40 35 80 45 86 58 51 33 67 89
94 45 65 0 61 58 74 50 101 49 116 93 36 23 13 40 62 69 59 84 56 51 98 36 118 23 99 68 79 94 41 95
34 36 25 61 0 58 16 12 55 18 59 32 43 46 50 58 53 67 20 28 14 34 39 25 62 37 61 33 27 37 48 63
77 77 80 58 58 0 58 58 58 63 86 82 75 37 47 20 8 12 73 60 44 24 91 49 83 49 50 33 51 92 18 42
21 53 38 74 16 58 0 28 40 34 43 24 60 57 62 63 51 65 34 12 19 36 33 39 46 51 48 27 13 35 54 52
45 25 22 50 12 58 28 0 65 6 71 43 31 39 41 54 55 69 15 40 19 35 48 16 75 28 70 40 38 45 46 72
42 91 78 101 55 58 40 65 0 72 32 52 96 79 87 74 50 58 74 30 48 51 60 70 27 80 14 33 28 67 66 23
49 19 18 49 18 63 34 6 72 0 76 46 26 40 40 58 60 74 11 46 25 40 50 17 80 27 77 46 44 46 50 78
28 93 74 116 59 86 43 71 32 76 0 37 102 97 104 98 77 88 73 32 60 72 41 82 8 93 46 55 38 50 89 56
10 60 39 93 32 82 24 43 52 46 37 0 70 78 82 87 75 89 39 25 41 60 9 57 44 69 64 50 33 15 77 70
75 11 34 36 43 75 60 31 96 26 102 70 0 41 35 62 75 86 31 71 48 56 73 28 106 27 99 67 69 67 58 99
77 46 58 23 46 37 57 39 79 40 97 78 41 0 10 22 40 49 52 65 38 28 85 24 98 15 76 46 59 83 19 72
82 42 58 13 50 47 62 41 87 40 104 82 35 10 0 30 50 58 51 72 44 37 88 25 105 13 86 55 66 85 29 82
84 67 76 40 58 20 63 54 74 58 98 87 62 22 30 0 26 30 69 69 46 27 95 41 97 36 68 44 61 95 10 61
70 75 76 62 53 8 51 55 50 60 77 75 75 40 50 26 0 14 70 53 39 20 84 48 75 50 42 25 44 86 22 35
82 88 90 69 67 12 65 69 58 74 88 89 86 49 58 30 14 0 83 66 53 34 98 60 85 60 47 39 57 100 30 38
45 21 7 59 20 73 34 15 74 11 73 39 31 52 51 69 70 83 0 45 32 49 42 28 78 38 81 52 46 36 60 83
17 64 49 84 28 60 12 40 30 46 32 25 71 65 72 69 53 66 45 0 28 42 34 50 35 61 40 28 9 39 60 46
40 44 38 56 14 44 19 19 48 25 60 41 48 38 44 46 39 53 32 28 0 20 49 23 62 33 52 21 23 49 36 53
57 56 56 51 34 24 36 35 51 40 72 60 56 28 37 27 20 34 49 42 20 0 69 28 71 33 48 18 34 69 18 45
18 63 40 98 39 91 33 48 60 50 41 9 73 85 88 95 84 98 42 34 49 69 0 63 49 75 72 59 42 9 85 79
58 28 35 36 25 49 39 16 70 17 82 57 28 24 25 41 48 60 28 50 23 28 63 0 84 12 72 40 45 60 34 71
35 98 80 118 62 83 46 75 27 80 8 44 106 98 105 97 75 85 78 35 62 71 49 84 0 95 41 54 40 57 88 51
70 31 45 23 37 49 51 28 80 27 93 69 27 15 13 36 50 60 38 61 33 33 75 12 95 0 80 48 56 72 31 78
54 95 86 99 61 50 48 70 14 77 46 64 99 76 86 68 42 47 81 40 52 48 72 72 41 80 0 33 35 78 61 10
44 64 58 68 33 33 27 40 33 46 55 50 67 46 55 44 25 39 52 28 21 18 59 40 54 48 33 0 18 62 35 32
26 63 51 79 27 51 13 38 28 44 38 33 69 59 66 61 44 57 46 9 23 34 42 45 40 56 35 18 0 46 51 40
25 56 33 94 37 92 35 45 67 46 50 15 67 83 85 95 86 100 36 39 49 69 9 60 57 72 78 62 46 0 85 85
74 61 67 41 48 18 54 46 66 50 89 77 58 19 29 10 22 30 60 60 36 18 85 34 88 31 61 35 51 85 0 55
62 96 89 95 63 42 52 72 23 78 56 70 99 72 82 61 35 38 83 46 53 45 79 71 51 78 10 32 40 85 55 0
EOF
