NAME: random30
TYPE: TSP
DIMENSION: 30
EDGE_WEIGHT_TYPE: EXPLICIT
EDGE_WEIGHT_FORMAT: FULL_MATRIX
EDGE_WEIGHT_SECTION
0 22 32 38 6 53 41 41 76 43 35 35 28 9 63 19 16 45 38 33 51 45 33 52 60 18 53 20 20 61
22 0 35 34 26 65 62 28 95 43 57 13 27 24 72 27 34 64 54 39 68 46 50 70 52 16 73 36 27 62
32 35 0 12 38 85 61 26 100 74 51 42 9 41 95 13 46 70 67 65 80 75 63 47 86 20 78 21 12 92
38 34 12 0 44 91 71 16 110 76 62 37 10 46 100 21 53 79 75 68 88 78 70 59 85 21 87 32 20 94
6 26 38 44 0 47 37 47 71 39 33 39 34 4 57 25 10 39 31 28 45 40 27 53 57 24 48 24 26 56
53 65 85 91 47 0 44 92 45 32 53 75 81 45 12 72 39 32 21 27 19 29 24 83 52 71 34 67 73 29
41 62 61 71 37 44 0 79 39 60 12 76 62 39 56 51 29 13 25 47 28 59 24 40 82 57 19 40 52 69
41 28 26 16 47 92 79 0 117 71 71 25 20 47 99 29 57 85 78 67 92 74 74 73 77 23 94 42 29 90
76 95 100 110 71 45 39 117 0 76 50 108 100 71 53 90 61 31 42 66 30 73 46 74 97 94 23 79 90 74
43 43 74 76 39 32 60 71 76 0 63 50 67 35 33 61 36 53 37 13 46 4 36 90 23 55 58 63 62 19
35 57 51 62 33 53 12 71 50 63 0 71 53 37 65 42 29 24 33 50 39 63 30 30 85 50 30 30 43 75
35 13 42 37 39 75 76 25 108 50 71 0 33 37 81 37 47 77 67 49 80 53 63 82 53 25 86 48 37 68
28 27 9 10 34 81 62 20 100 67 53 33 0 36 90 11 43 69 65 59 78 69 60 53 78 12 77 23 10 85
9 24 41 46 4 45 39 47 71 35 37 37 36 0 54 28 10 40 31 24 45 36 27 57 53 25 49 28 29 52
63 72 95 100 57 12 56 99 53 33 65 81 90 54 0 82 49 44 32 33 30 29 36 95 49 79 45 78 83 23
19 27 13 21 25 72 51 29 90 61 42 37 11 28 82 0 34 59 55 52 68 63 50 46 75 11 67 13 1 79
16 34 46 53 10 39 29 57 61 36 29 47 43 10 49 34 0 30 22 24 35 37 17 53 57 34 38 29 35 51
45 64 70 79 39 32 13 85 31 53 24 77 69 40 44 59 30 0 16 40 15 51 17 54 75 62 8 49 60 59
38 54 67 75 31 21 25 78 42 37 33 67 65 31 32 55 22 16 0 25 14 35 4 62 60 56 22 48 56 44
33 39 65 68 28 27 47 67 66 13 50 49 59 24 33 52 24 40 25 0 36 13 23 76 36 48 47 51 53 28
51 68 80 88 45 19 28 92 30 46 39 80 78 45 30 68 35 15 14 36 0 43 18 68 68 69 15 60 69 48
45 46 75 78 40 29 59 74 73 4 63 53 69 36 29 63 37 51 35 13 43 0 35 90 25 57 56 64 64 16
33 50 63 70 27 24 24 74 46 36 30 63 60 27 36 50 17 17 4 23 18 35 0 60 59 51 24 44 52 45
52 70 47 59 53 83 40 73 74 90 30 82 53 57 95 46 53 54 62 76 68 90 60 0 110 57 58 34 46 103
60 52 86 85 57 52 82 77 97 23 85 53 78 53 49 75 57 75 60 36 68 25 59 110 0 67 81 80 76 27
18 16 20 21 24 71 57 23 94 55 50 25 12 25 79 11 34 62 56 48 69 57 51 57 67 0 71 23 12 74
53 73 78 87 48 34 19 94 23 58 30 86 77 49 45 67 38 8 22 47 15 56 24 58 81 71 0 57 68 62
20 36 21 32 24 67 40 42 79 63 30 48 23 28 78 13 29 49 48 51 60 64 44 34 80 23 57 0 13 79
20 27 12 20 26 73 52 29 90 62 43 37 10 29 83 1 35 60 56 53 69 64 52 46 76 12 68 13 0 80
61 62 92 94 56 29 69 90 74 19 75 68 85 52 23 79 51 59 44 28 48 16 45 103 27 74 62 79 80 0
EOF
