NAME: random34
TYPE: TSP
DIMENSION: 34
EDGE_WEIGHT_TYPE: EXPLICIT
EDGE_WEIGHT_FORMAT: FULL_MATRIX
EDGE_WEIGHT_SECTION
0 16 16 65 40 13 85 77 24 69 74 65 114 108 70 30 87 85 80 82 74 114 25 83 81 75 82 77 62 16 15 93 75 118
16 0 31 51 24 8 78 74 27 53 64 53 101 95 55 14 85 76 79 72 59 101 20 69 72 60 68 62 61 20 2 81 60 104
16 31 0 80 55 29 92 80 28 84 84 77 126 119 84 45 88 93 81 91 89 125 36 95 89 90 96 93 65 23 31 104 89 130
65 51 80 0 29 57 57 69 60 18 36 19 54 50 4 36 82 48 79 42 16 57 47 22 46 41 17 29 64 60 52 41 9 57
40 24 55 29 0 29 71 74 43 29 53 37 82 77 33 10 87 65 82 61 35 84 30 50 62 40 46 38 64 39 25 65 37 85
13 8 29 57 29 0 86 81 32 58 72 60 109 103 61 21 92 84 86 80 64 109 27 76 80 62 74 66 67 24 6 89 66 112
85 78 92 57 71 86 0 23 64 75 21 38 53 45 58 70 32 11 33 17 72 47 60 44 12 98 55 85 33 70 79 32 59 57
77 74 80 69 74 81 23 0 54 87 37 51 76 68 71 71 13 33 11 37 85 70 54 62 31 108 72 97 15 61 76 54 73 80
24 27 28 60 43 32 64 54 0 70 57 53 101 94 65 34 63 66 56 64 73 99 14 72 62 83 75 80 38 8 28 78 69 105
69 53 84 18 29 58 75 87 70 0 55 37 66 63 18 39 99 66 96 61 8 70 56 37 64 23 28 11 81 67 54 57 20 68
74 64 84 36 53 72 21 37 57 55 0 18 45 38 38 54 49 12 47 8 51 42 49 26 10 77 36 65 39 61 66 22 38 49
65 53 77 19 37 60 38 51 53 37 18 0 49 43 21 40 63 30 61 25 34 49 42 19 28 59 24 47 48 55 54 29 23 53
114 101 126 54 82 109 53 76 101 66 45 49 0 8 51 88 84 43 86 41 59 8 91 33 45 86 38 70 82 104 103 24 47 4
108 95 119 50 77 103 45 68 94 63 38 43 8 0 48 82 77 35 78 33 57 7 84 28 37 85 35 69 74 97 97 16 44 12
70 55 84 4 33 61 58 71 65 18 38 21 51 48 0 41 84 49 81 43 14 54 51 20 47 41 14 27 68 64 56 39 5 54
30 14 45 36 10 21 70 71 34 39 54 40 88 82 41 0 83 66 77 62 44 89 21 56 63 49 54 49 59 29 16 69 45 91
87 85 88 82 87 92 32 13 63 99 49 63 84 77 84 83 0 43 7 47 98 78 65 74 42 121 84 110 25 70 87 64 86 88
85 76 93 48 65 84 11 33 66 66 12 30 43 35 49 66 43 0 43 6 62 38 59 33 4 89 44 76 40 71 77 21 49 47
80 79 81 79 82 86 33 11 56 96 47 61 86 78 81 77 7 43 0 47 95 80 59 73 42 117 83 107 18 63 80 64 84 90
82 72 91 42 61 80 17 37 64 61 8 25 41 33 43 62 47 6 47 0 57 36 57 28 5 83 39 70 42 69 74 17 43 45
74 59 89 16 35 64 72 85 73 8 51 34 59 57 14 44 98 62 95 57 0 63 60 32 60 28 22 13 81 72 60 51 14 60
114 101 125 57 84 109 47 70 99 70 42 49 8 7 54 89 78 38 80 36 63 0 89 34 40 91 42 75 78 102 103 21 51 11
25 20 36 47 30 27 60 54 14 56 49 42 91 84 51 21 65 59 59 57 60 89 0 60 56 69 62 67 41 13 21 69 56 94
83 69 95 22 50 76 44 62 72 37 26 19 33 28 20 56 74 33 73 28 32 34 60 0 33 60 11 45 63 74 71 20 18 36
81 72 89 46 62 80 12 31 62 64 10 28 45 37 47 63 42 4 42 5 60 40 56 33 0 87 43 74 37 67 74 22 47 49
75 60 90 41 40 62 98 108 83 23 77 59 86 85 41 49 121 89 117 83 28 91 69 60 87 0 50 16 100 78 60 79 42 87
82 68 96 17 46 74 55 72 75 28 36 24 38 35 14 54 84 44 83 39 22 42 62 11 43 50 0 35 71 75 69 30 9 40
77 62 93 29 38 66 85 97 80 11 65 47 70 69 27 49 110 76 107 70 13 75 67 45 74 16 35 0 92 77 62 64 27 71
62 61 65 64 64 67 33 15 38 81 39 48 82 74 68 59 25 40 18 42 81 78 41 63 37 100 71 92 0 46 62 59 70 87
16 20 23 60 39 24 70 61 8 67 61 55 104 97 64 29 70 71 63 69 72 102 13 74 67 78 75 77 46 0 21 81 69 107
15 2 31 52 25 6 79 76 28 54 66 54 103 97 56 16 87 77 80 74 60 103 21 71 74 60 69 62 62 21 0 83 61 106
93 81 104 41 65 89 32 54 78 57 22 29 24 16 39 69 64 21 64 17 51 21 69 20 22 79 30 64 59 81 83 0 37 28
75 60 89 9 37 66 59 73 69 20 38 23 47 44 5 45 86 49 84 43 14 51 56 18 47 42 9 27 70 69 61 37 0 50
118 104 130 57 85 112 57 80 105 68 49 53 4 12 54 91 88 47 90 45 60 11 94 36 49 87 40 71 87 107 106 28 50 0
EOF
