NAME: random27
TYPE: TSP
DIMENSION: 27
EDGE_WEIGHT_TYPE: EXPLICIT
EDGE_WEIGHT_FORMAT: FULL_MATRIX
EDGE_WEIGHT_SECTION
0 31 17 76 35 46 33 54 6 70 61 74 37 33 30 22 44 46 23 78 59 87 42 51 30 19 11
31 0 37 68 20 15 1 77 37 91 86 71 69 62 48 53 13 39 37 100 37 107 11 48 6 48 22
17 37 0 92 48 52 38 68 19 84 74 91 42 43 47 30 47 61 40 92 70 101 46 67 33 31 17
76 68 92 0 48 65 68 72 78 74 82 12 96 81 57 85 72 31 56 82 38 82 71 26 74 77 76
35 20 48 48 0 24 21 65 39 77 75 50 67 56 36 52 29 19 26 86 24 92 27 28 26 45 31
46 15 52 65 24 0 14 88 52 101 98 70 83 75 58 68 8 41 47 110 29 116 8 51 19 62 37
33 1 38 68 21 14 0 78 38 92 87 71 70 63 49 55 12 39 38 101 36 108 10 49 7 50 23
54 77 68 72 65 88 78 0 50 16 11 62 39 27 30 40 90 57 41 24 82 33 88 52 79 37 64
6 37 19 78 39 52 38 50 0 66 57 75 32 27 28 17 50 48 23 74 63 83 48 52 36 14 17
70 91 84 74 77 101 92 16 66 0 15 63 54 43 43 56 103 66 55 9 91 17 101 59 94 53 80
61 86 74 82 75 98 87 11 57 15 0 72 40 31 39 44 99 68 50 19 93 29 97 63 88 43 72
74 71 91 12 50 70 71 62 75 63 72 0 89 74 51 80 77 32 52 71 46 71 75 24 76 72 76
37 69 42 96 67 83 70 39 32 54 40 89 0 15 39 15 81 70 44 58 90 69 80 71 67 22 48
33 62 43 81 56 75 63 27 27 43 31 74 15 0 25 13 75 57 31 49 79 59 73 56 62 14 44
30 48 47 57 36 58 49 30 28 43 39 51 39 25 0 29 60 32 11 52 56 60 58 32 50 21 38
22 53 30 85 52 68 55 40 17 56 44 80 15 13 29 0 66 57 30 63 76 72 64 59 52 8 34
44 13 47 72 29 8 12 90 50 103 99 77 81 75 60 66 0 47 49 112 36 119 2 56 14 61 33
46 39 61 31 19 41 39 57 48 66 68 32 70 57 32 57 47 0 27 75 25 79 45 9 45 49 46
23 37 40 56 26 47 38 41 23 55 50 52 44 31 11 30 49 27 0 63 47 71 47 30 39 22 28
78 100 92 82 86 110 101 24 74 9 19 71 58 49 52 63 112 75 63 0 100 11 110 68 102 60 88
59 37 70 38 24 29 36 82 63 91 93 46 90 79 56 76 36 25 47 100 0 104 36 33 43 69 53
87 107 101 82 92 116 108 33 83 17 29 71 69 59 60 72 119 79 71 11 104 0 117 72 110 70 96
42 11 46 71 27 8 10 88 48 101 97 75 80 73 58 64 2 45 47 110 36 117 0 54 13 60 32
51 48 67 26 28 51 49 52 52 59 63 24 71 56 32 59 56 9 30 68 33 72 54 0 54 51 52
30 6 33 74 26 19 7 79 36 94 88 76 67 62 50 52 14 45 39 102 43 110 13 54 0 48 19
19 48 31 77 45 62 50 37 14 53 43 72 22 14 21 8 61 49 22 60 69 70 60 51 48 0 30
11 22 17 76 31 37 23 64 17 80 72 76 48 44 38 34 33 46 28 88 53 96 32 52 19 30 0
EOF
