NAME: random29TYPE: TSPDIMENSION: 29EDGE_WEIGHT_TYPE: EXPLICITEDGE_WEIGHT_FORMAT: FULL_MATRIXEDGE_WEIGHT_SECTION0 92 48 58 46 76 81 25 70 52 107 67 54 22 16 82 54 87 60 44 74 89 102 66 85 14 63 25 62
92 0 44 66 70 17 35 74 23 77 18 76 42 72 80 13 42 10 42 56 43 32 21 82 19 95 30 108 31
48 44 0 41 37 28 42 33 22 47 59 54 12 29 37 34 12 39 22 21 38 47 55 58 38 52 16 66 15
58 66 41 0 12 50 80 60 47 12 73 13 31 38 42 63 31 67 25 60 26 44 62 18 49 69 51 83 42
46 70 37 12 0 53 78 50 48 11 79 23 29 27 30 65 30 69 28 53 35 52 70 24 55 57 50 70 42
76 17 28 50 53 0 36 59 6 61 32 61 25 55 63 14 24 17 25 43 31 27 28 67 14 79 16 93 14
81 35 42 80 78 36 0 57 36 88 52 93 50 68 75 24 49 26 55 38 66 63 56 98 48 78 29 90 39
25 74 33 60 50 59 57 0 54 60 90 73 43 24 27 62 42 67 51 20 68 79 87 74 71 21 44 35 47
70 23 22 47 48 6 36 54 0 57 37 59 20 50 58 16 19 20 22 38 30 30 33 64 18 73 12 88 8
52 77 47 12 11 61 88 60 57 0 85 15 39 36 37 73 39 77 35 63 38 56 74 14 61 65 60 77 51
107 18 59 73 79 32 52 90 37 85 0 81 55 86 94 31 55 27 52 73 48 31 12 87 25 111 46 125 45
67 76 54 13 23 61 93 73 59 15 81 0 44 50 52 75 44 78 37 73 33 50 69 7 58 79 64 92 54
54 42 12 31 29 25 50 43 20 39 55 44 0 32 39 36 1 40 9 34 26 37 48 48 32 59 21 74 13
22 72 29 38 27 55 68 24 50 36 86 50 32 0 8 63 32 68 38 33 52 67 80 50 63 31 45 45 42
16 80 37 42 30 63 75 27 58 37 94 52 39 8 0 71 39 76 45 39 58 74 87 51 71 27 53 41 50
82 13 34 63 65 14 24 62 16 73 31 75 36 63 71 0 35 5 38 43 45 39 33 80 24 83 18 96 23
54 42 12 31 30 24 49 42 19 39 55 44 1 32 39 35 0 40 10 33 26 37 48 49 31 59 20 74 12
87 10 39 67 69 17 26 67 20 77 27 78 40 68 76 5 40 0 42 48 47 39 31 84 25 88 23 101 28
60 42 22 25 28 25 55 51 22 35 52 37 9 38 45 38 10 42 0 43 16 29 43 43 27 67 27 82 17
44 56 21 60 53 43 38 20 38 63 73 73 34 33 39 43 33 48 43 0 59 67 71 76 56 41 27 54 33
74 43 38 26 35 31 66 68 30 38 48 33 26 52 58 45 26 47 16 59 0 18 37 40 25 82 40 97 29
89 32 47 44 52 27 63 79 30 56 31 50 37 67 74 39 37 39 29 67 18 0 19 57 15 96 42 111 34
102 21 55 62 70 28 56 87 33 74 12 69 48 80 87 33 48 31 43 71 37 19 0 76 17 106 44 121 40
66 82 58 18 24 67 98 74 64 14 87 7 48 50 51 80 49 84 43 76 40 57 76 0 64 79 69 91 59
85 19 38 49 55 14 48 71 18 61 25 58 32 63 71 24 31 25 27 56 25 15 17 64 0 90 30 104 24
14 95 52 69 57 79 78 21 73 65 111 79 59 31 27 83 59 88 67 41 82 96 106 79 90 0 65 15 66
63 30 16 51 50 16 29 44 12 60 46 64 21 45 53 18 20 23 27 27 40 42 44 69 30 65 0 79 11
25 108 66 83 70 93 90 35 88 77 125 92 74 45 41 96 74 101 82 54 97 111 121 91 104 15 79 0 81
62 31 15 42 42 14 39 47 8 51 45 54 13 42 50 23 12 28 17 33 29 34 40 59 24 66 11 81 0
EOF
