NAME: random31
TYPE: TSP
DIMENSION: 31
EDGE_WEIGHT_TYPE: EXPLICIT
EDGE_WEIGHT_FORMAT: FULL_MATRIX
EDGE_WEIGHT_SECTION
0 49 82 109 47 61 65 80 91 2 69 18 72 6 72 70 33 75 92 90 6 58 20 88 48 66 47 70 76 76 23
49 0 102 93 82 91 57 108 98 47 87 40 76 43 95 61 44 102 95 113 45 24 32 103 79 83 86 58 99 63 45
82 102 0 70 43 27 55 17 25 81 15 72 33 85 11 54 59 16 32 13 78 87 78 9 36 19 49 58 9 59 64
109 93 70 0 96 88 43 87 46 107 66 91 45 107 74 38 75 84 39 82 103 69 91 63 87 65 104 39 76 32 86
47 82 43 96 0 16 60 35 61 46 35 44 51 51 32 64 41 31 65 46 44 78 51 50 9 33 8 66 34 71 38
61 91 27 88 16 0 58 19 48 60 22 55 43 64 17 60 47 15 53 30 58 83 62 36 13 23 21 63 19 67 48
65 57 55 43 60 58 0 67 43 63 42 48 23 64 52 5 32 61 39 67 59 36 48 52 52 39 68 5 55 12 43
80 108 17 87 35 19 67 0 42 79 25 73 47 83 15 67 64 6 49 12 77 96 80 26 32 28 39 71 12 73 66
91 98 25 46 61 48 43 42 0 89 26 76 22 92 32 40 61 40 8 36 86 79 81 17 52 28 68 44 32 43 69
2 47 81 107 46 60 63 79 89 0 68 16 71 5 71 68 31 74 90 88 4 57 19 86 47 64 47 68 75 75 21
69 87 15 66 35 22 42 25 26 68 0 57 22 71 10 42 44 20 31 27 64 73 63 19 26 4 42 46 13 49 50
18 40 72 91 44 55 48 73 76 16 57 0 57 16 62 53 16 67 77 81 12 43 7 76 42 53 47 52 66 59 7
72 76 33 45 51 43 23 47 22 71 22 57 0 72 32 22 41 42 20 46 67 58 60 29 42 21 59 25 35 27 50
6 43 85 107 51 64 64 83 92 5 71 16 72 0 75 69 32 78 92 92 7 54 17 89 52 67 52 68 78 75 23
72 95 11 74 32 17 52 15 32 71 10 62 32 75 0 53 51 10 38 18 68 82 69 19 25 13 38 56 4 59 55
70 61 54 38 64 60 5 67 40 68 42 53 22 69 53 0 37 62 36 67 64 39 53 51 55 40 71 4 56 7 48
33 44 59 75 41 47 32 64 61 31 44 16 41 32 51 37 0 58 61 70 27 38 19 62 36 41 46 37 55 44 11
75 102 16 84 31 15 61 6 40 74 20 67 42 78 10 62 58 0 47 15 72 91 74 25 27 23 35 66 8 69 60
92 95 32 39 65 53 39 49 8 90 31 77 20 92 38 36 61 47 0 43 87 75 80 24 57 32 73 39 39 37 70
90 113 13 82 46 30 67 12 36 88 27 81 46 92 18 67 70 15 43 0 86 100 87 19 42 30 50 71 15 72 73
6 45 78 103 44 58 59 77 86 4 64 12 67 7 68 64 27 72 87 86 0 53 15 83 45 61 46 64 72 71 17
58 24 87 69 78 83 36 96 79 57 73 43 58 54 82 39 38 91 75 100 53 0 38 87 73 69 84 36 86 40 44
20 32 78 91 51 62 48 80 81 19 63 7 60 17 69 53 19 74 80 87 15 38 0 81 49 59 54 52 72 59 14
88 103 9 63 50 36 52 26 17 86 19 76 29 89 19 51 62 25 24 19 83 87 81 0 43 22 57 55 17 55 68
48 79 36 87 9 13 52 32 52 47 26 42 42 52 25 55 36 27 57 42 45 73 49 43 0 25 17 58 28 63 35
66 83 19 65 33 23 39 28 28 64 4 53 21 67 13 40 41 23 32 30 61 69 59 22 25 0 41 43 17 46 46
47 86 49 104 8 21 68 39 68 47 42 47 59 52 38 71 46 35 73 50 46 84 54 57 17 41 0 73 40 78 42
70 58 58 39 66 63 5 71 44 68 46 52 25 68 56 4 37 66 39 71 64 36 52 55 58 43 73 0 59 6 48
76 99 9 76 34 19 55 12 32 75 13 66 35 78 4 56 55 8 39 15 72 86 72 17 28 17 40 59 0 62 59
76 63 59 32 71 67 12 73 43 75 49 59 27 75 59 7 44 69 37 72 71 40 59 55 63 46 78 6 62 0 54
23 45 64 86 38 48 43 66 69 21 50 7 50 23 55 48 11 60 70 73 17 44 14 68 35 46 42 48 59 54 0
EOF
