NAME: random25TYPE: TSPDIMENSION: 25EDGE_WEIGHT_TYPE: EXPLICITEDGE_WEIGHT_FORMAT: FULL_MATRIXEDGE_WEIGHT_SECTION0 71 65 23 38 66 42 71 56 56 39 64 36 85 47 67 24 58 35 25 80 56 31 58 78
71 0 15 48 33 14 43 35 52 66 39 82 44 59 29 71 48 34 63 84 50 34 97 33 49
65 15 0 42 29 1 47 47 59 72 41 88 45 71 32 79 43 43 65 82 62 42 94 41 62
23 48 42 0 15 43 28 53 44 51 22 64 21 71 26 61 2 40 33 41 64 39 52 40 63
38 33 29 15 0 30 24 42 40 51 17 65 20 63 15 60 14 31 38 53 55 29 65 30 54
66 14 1 43 30 0 47 47 59 72 41 88 46 71 32 80 43 43 65 83 62 42 95 41 61
42 43 47 28 24 47 0 29 17 26 8 42 7 43 15 36 26 17 20 45 37 15 59 17 36
71 35 47 53 42 47 29 0 24 38 32 53 35 24 27 40 51 13 46 73 15 15 87 13 14
56 52 59 44 40 59 17 24 0 14 24 30 23 29 28 21 42 18 24 52 25 18 66 19 24
56 66 72 51 51 72 26 38 14 0 34 16 31 35 40 11 49 32 21 46 35 32 59 33 34
39 39 41 22 17 41 8 32 24 34 0 49 5 49 10 43 20 19 24 46 42 17 60 19 41
64 82 88 64 65 88 42 53 30 16 49 0 46 45 56 14 61 48 31 48 47 48 59 49 46
36 44 45 21 20 46 7 35 23 31 5 46 0 51 15 41 19 23 19 41 45 21 55 22 43
85 59 71 71 63 71 43 24 29 35 49 45 51 0 48 31 69 32 53 80 9 34 94 33 10
47 29 32 26 15 32 15 27 28 40 10 56 15 48 0 48 25 16 34 56 40 14 70 15 39
67 71 79 61 60 80 36 40 21 11 43 14 41 31 48 0 59 37 32 55 33 38 68 39 32
24 48 43 2 14 43 26 51 42 49 20 61 19 69 25 59 0 39 31 40 62 37 52 38 61
58 34 43 40 31 43 17 13 18 32 19 48 23 32 16 37 39 0 35 62 24 2 76 1 23
35 63 65 33 38 65 20 46 24 21 24 31 19 53 34 32 31 35 0 28 49 33 42 35 48
25 84 82 41 53 83 45 73 52 46 46 48 41 80 56 55 40 62 28 0 77 60 14 62 76
80 50 62 64 55 62 37 15 25 35 42 47 45 9 40 33 62 24 49 77 0 26 91 26 1
56 34 42 39 29 42 15 15 18 32 17 48 21 34 14 38 37 2 33 60 26 0 74 2 25
31 97 94 52 65 95 59 87 66 59 60 59 55 94 70 68 52 76 42 14 91 74 0 76 90
58 33 41 40 30 41 17 13 19 33 19 49 22 33 15 39 38 1 35 62 26 2 76 0 24
78 49 62 63 54 61 36 14 24 34 41 46 43 10 39 32 61 23 48 76 1 25 90 24 0
EOF
