NAME: random19TYPE: TSPDIMENSION: 19EDGE_WEIGHT_TYPE: EXPLICITEDGE_WEIGHT_FORMAT: FULL_MATRIXEDGE_WEIGHT_SECTION0 64 72 58 89 24 69 26 23 30 33 70 53 17 20 8 50 64 84
64 0 10 79 89 41 31 39 41 57 82 71 62 61 57 58 52 11 31
72 10 0 80 85 48 26 47 48 61 86 69 63 67 63 66 52 9 21
58 79 80 0 35 52 59 64 59 31 33 22 17 41 40 62 28 71 77
89 89 85 35 0 77 59 88 84 60 68 21 37 72 70 92 44 79 73
24 41 48 52 77 0 46 11 7 22 43 56 41 21 18 21 34 40 59
69 31 26 59 59 46 0 51 49 48 73 44 41 59 54 66 32 21 18
26 39 47 64 88 11 51 0 5 33 52 67 52 29 27 20 44 40 62
23 41 48 59 84 7 49 5 0 28 47 63 48 25 22 18 40 41 62
30 57 61 31 60 22 48 33 28 0 26 40 23 13 10 32 21 52 66
33 82 86 33 68 43 73 52 47 26 0 53 39 22 25 40 43 77 91
70 71 69 22 21 56 44 67 63 40 53 0 17 53 50 72 23 61 60
53 62 63 17 37 41 41 52 48 23 39 17 0 36 34 55 11 54 60
17 61 67 41 72 21 59 29 25 13 22 53 36 0 4 21 34 58 75
20 57 63 40 70 18 54 27 22 10 25 50 34 4 0 22 31 54 71
8 58 66 62 92 21 66 20 18 32 40 72 55 21 22 0 51 59 80
50 52 52 28 44 34 32 44 40 21 43 23 11 34 31 51 0 43 50
64 11 9 71 79 40 21 40 41 52 77 61 54 58 54 59 43 0 23
84 31 21 77 73 59 18 62 62 66 91 60 60 75 71 80 50 23 0
EOF
