NAME: random20
TYPE: TSP
DIMENSION: 20
EDGE_WEIGHT_TYPE: EXPLICIT
EDGE_WEIGHT_FORMAT: FULL_MATRIX
EDGE_WEIGHT_SECTION
0 31 59 43 71 36 20 88 49 73 27 72 44 7 42 26 89 46 47 67
31 0 86 59 66 63 11 79 78 86 14 72 35 26 54 27 97 36 64 81
59 86 0 38 80 24 76 99 10 48 86 73 76 61 47 64 67 77 34 44
43 59 38 0 43 23 52 62 35 30 64 39 39 41 8 33 46 39 5 24
71 66 80 43 0 65 67 20 78 42 78 10 32 65 36 46 41 31 46 41
36 63 24 23 65 0 53 85 16 46 63 61 55 38 29 41 65 55 22 41
20 11 76 52 67 53 0 81 67 81 12 71 36 15 48 22 94 37 57 75
88 79 99 62 20 85 81 0 97 58 92 26 46 82 56 62 51 44 65 58
49 78 10 35 78 16 67 97 0 51 77 73 70 52 43 57 70 71 32 46
73 86 48 30 42 46 81 58 51 0 93 33 58 70 33 59 19 58 27 6
27 14 86 64 78 63 12 92 77 93 0 83 47 25 60 35 106 48 69 87
72 72 73 39 10 61 71 26 73 33 83 0 38 66 33 49 31 37 41 33
44 35 76 39 32 55 36 46 70 58 47 38 0 37 31 18 66 1 44 54
7 26 61 41 65 38 15 82 52 70 25 66 37 0 38 19 85 38 45 64
42 54 47 8 36 29 48 56 43 33 60 33 31 38 0 27 47 31 13 27
26 27 64 33 46 41 22 62 57 59 35 49 18 19 27 0 71 19 38 54
89 97 67 46 41 65 94 51 70 19 106 31 66 85 47 71 0 65 45 24
46 36 77 39 31 55 37 44 71 58 48 37 1 38 31 19 65 0 44 54
47 64 34 5 46 22 57 65 32 27 69 41 44 45 13 38 45 44 0 21
67 81 44 24 41 41 75 58 46 6 87 33 54 64 27 54 24 54 21 0
EOF
