NAME: random13TYPE: TSPDIMENSION: 13EDGE_WEIGHT_TYPE: EXPLICITEDGE_WEIGHT_FORMAT: FULL_MATRIXEDGE_WEIGHT_SECTION0 73 29 56 50 75 95 60 53 78 17 82 77
73 0 53 29 30 103 77 53 84 102 76 51 120
29 53 0 49 43 95 100 64 72 97 24 80 102
56 29 49 0 6 75 56 25 55 73 65 32 92
50 30 43 6 0 74 60 27 54 73 59 38 90
75 103 95 75 74 0 56 51 23 7 92 68 23
95 77 100 56 60 56 0 36 55 50 110 27 79
60 53 64 25 27 51 36 0 35 49 74 24 70
53 84 72 55 54 23 55 35 0 25 70 57 36
78 102 97 73 73 7 50 49 25 0 95 64 29
17 76 24 65 59 92 110 74 70 95 0 94 93
82 51 80 32 38 68 27 24 57 64 94 0 90
77 120 102 92 90 23 79 70 36 29 93 90 0
EOF
