NAME: random6TYPE: TSPDIMENSION: 6EDGE_WEIGHT_TYPE: EXPLICITEDGE_WEIGHT_FORMAT: FULL_MATRIXEDGE_WEIGHT_SECTION0 30 83 37 63 61
30 0 90 48 76 79
83 90 0 46 23 36
37 48 46 0 28 33
63 76 23 28 0 15
61 79 36 33 15 0
EOF
