NAME: random28TYPE: TSPDIMENSION: 28EDGE_WEIGHT_TYPE: EXPLICITEDGE_WEIGHT_FORMAT: FULL_MATRIXEDGE_WEIGHT_SECTION0 63 7 62 48 67 73 42 59 34 44 10 45 62 41 39 67 43 22 43 70 64 54 7 43 27 41 21
63 0 67 46 102 58 39 97 29 29 19 72 93 37 69 82 7 76 75 61 27 60 53 62 81 49 68 81
7 67 0 69 50 75 73 44 60 39 48 7 49 61 36 45 71 37 27 39 76 71 52 14 37 26 36 15
62 46 69 0 78 12 83 77 70 40 44 71 66 78 92 55 42 97 59 87 24 15 87 56 99 69 91 83
48 102 50 78 0 76 120 6 105 73 85 44 13 109 85 23 103 85 28 90 97 70 102 44 82 75 85 49
67 58 75 12 76 0 95 75 81 50 55 76 64 89 101 53 54 105 60 97 35 6 97 61 107 78 99 88
73 39 73 83 120 95 0 114 15 51 41 80 114 12 55 105 45 62 92 45 66 96 30 76 67 47 54 84
42 97 44 77 6 75 114 0 100 69 81 38 14 103 79 22 99 78 23 84 94 70 96 38 76 69 79 42
59 29 60 70 105 81 15 100 0 36 26 67 99 8 48 90 36 55 78 38 55 82 26 61 60 35 47 72
34 29 39 40 73 50 51 69 36 0 12 44 65 42 52 55 33 58 46 47 38 50 47 32 61 29 51 53
44 19 48 44 85 55 41 81 26 12 0 54 77 34 54 67 24 60 58 47 35 56 43 44 65 32 53 63
10 72 7 71 44 76 80 38 67 44 54 0 43 69 42 41 77 42 23 46 80 72 58 15 41 33 41 12
45 93 49 66 13 64 114 14 99 65 77 43 0 103 85 11 94 85 22 88 86 58 98 39 84 71 84 51
62 37 61 78 109 89 12 103 8 42 34 69 103 0 45 95 44 51 82 34 64 90 20 65 57 36 44 72
41 69 36 92 85 101 55 79 48 52 54 42 85 45 0 81 76 7 63 10 89 99 26 48 12 23 1 38
39 82 45 55 23 53 105 22 90 55 67 41 11 95 81 0 83 82 18 82 75 48 92 33 81 65 80 50
67 7 71 42 103 54 45 99 36 33 24 77 94 44 76 83 0 83 77 68 21 57 60 65 87 55 75 86
43 76 37 97 85 105 62 78 55 58 60 42 85 51 7 82 83 0 64 17 95 103 32 50 6 29 8 36
22 75 27 59 28 60 92 23 78 46 58 23 22 82 63 18 77 64 0 66 74 55 76 17 63 49 63 33
43 61 39 87 90 97 45 84 38 47 47 46 88 34 10 82 68 17 66 0 82 96 16 50 22 20 9 45
70 27 76 24 97 35 66 94 55 38 35 80 86 64 89 75 21 95 74 82 0 39 77 66 99 66 88 90
64 60 71 15 70 6 96 70 82 50 56 72 58 90 99 48 57 103 55 96 39 0 97 58 105 76 98 84
54 53 52 87 102 97 30 96 26 47 43 58 98 20 26 92 60 32 76 16 77 97 0 59 38 27 25 59
7 62 14 56 44 61 76 38 61 32 44 15 39 65 48 33 65 50 17 50 66 58 59 0 51 32 48 26
43 81 37 99 82 107 67 76 60 61 65 41 84 57 12 81 87 6 63 22 99 105 38 51 0 32 13 34
27 49 26 69 75 78 47 69 35 29 32 33 71 36 23 65 55 29 49 20 66 76 27 32 32 0 22 37
41 68 36 91 85 99 54 79 47 51 53 41 84 44 1 80 75 8 63 9 88 98 25 48 13 22 0 38
21 81 15 83 49 88 84 42 72 53 63 12 51 72 38 50 86 36 33 45 90 84 59 26 34 37 38 0
EOF
