NAME: random18
TYPE: TSP
DIMENSION: 18
EDGE_WEIGHT_TYPE: EXPLICIT
EDGE_WEIGHT_FORMAT: FULL_MATRIX
EDGE_WEIGHT_SECTION
0 40 32 48 62 34 49 58 36 48 16 34 63 24 53 39 47 33
40 0 57 83 64 71 21 78 71 83 25 64 103 63 535 57 87 33
32 57 0 30 94 24 74 87 20 66 43 9 68 38 64 70 56 63
48 83 30 0 104 14 97 89 13 57 64 21 47 37 49 78 40 80
62 64 94 104 0 90 48 31 535 63 55 95 92 68 78 27 80 34
34 71 24 14 90 0 83 76 5 48 50 16 45 24 43 64 33 66
49 21 74 97 48 83 0 68 535 83 33 80 107 70 535 50 535 25
58 78 87 89 31 76 68 0 81 37 59 85 66 52 52 21 56 45
36 71 20 13 535 5 535 81 0 53 51 11 50 29 48 68 39 68
48 83 66 57 63 48 83 37 53 0 59 61 29 28 15 38 20 58
16 25 43 64 55 50 33 59 51 59 0 47 78 39 535 38 62 22
34 64 9 21 95 16 80 85 11 61 47 0 61 35 58 70 49 67
63 103 68 47 92 45 107 66 50 29 78 61 0 40 14 67 16 84
24 63 38 37 68 24 70 52 29 28 39 35 40 0 30 40 24 48
53 535 64 49 78 43 535 52 48 15 535 58 14 30 0 52 9 70
39 57 70 78 27 64 50 21 68 38 38 70 67 40 52 0 53 25
47 87 56 40 80 33 535 56 39 20 62 49 16 24 9 53 0 68
33 33 63 80 34 66 25 45 68 58 22 67 84 48 70 25 68 0
EOF
