NAME: random28
TYPE: TSP
DIMENSION: 28
EDGE_WEIGHT_TYPE: EXPLICIT
EDGE_WEIGHT_FORMAT: FULL_MATRIX
EDGE_WEIGHT_SECTION
0 63 7 62 48 67 73 42 59 34 44 10 45 62 41 39 67 43 22 43 70 64 54 7 43 27 41 21
63 0 67 46 600 58 39 600 29 29 19 600 600 37 600 600 7 76 600 61 27 600 53 62 600 49 68 600
7 67 0 69 50 600 73 44 60 39 48 7 49 61 36 45 71 37 27 39 76 71 52 14 37 26 36 15
62 46 69 0 78 12 83 77 70 40 44 71 66 600 600 55 42 600 59 87 24 15 87 56 600 69 91 83
48 600 50 78 0 76 600 6 600 600 600 44 13 600 600 23 600 85 28 600 600 70 600 44 82 75 85 49
67 58 600 12 76 0 95 75 81 50 55 76 64 600 600 53 54 600 60 600 35 6 600 61 600 78 600 600
73 39 73 83 600 95 0 600 15 51 41 600 600 12 55 600 45 62 600 45 66 600 30 600 67 47 54 600
42 600 44 77 6 75 600 0 600 69 600 38 14 600 600 22 600 78 23 600 600 70 600 38 76 69 79 42
59 29 60 70 600 81 15 600 0 36 26 67 600 8 48 600 36 55 600 38 55 600 26 61 60 35 47 72
34 29 39 40 600 50 51 69 36 0 12 44 65 42 52 55 33 58 46 47 38 50 47 32 61 29 51 53
44 19 48 44 600 55 41 600 26 12 0 54 600 34 54 67 24 60 58 47 35 56 43 44 65 32 53 63
10 600 7 71 44 76 600 38 67 44 54 0 43 600 42 41 600 42 23 46 80 72 58 15 41 33 41 12
45 600 49 66 13 64 600 14 600 65 600 43 0 600 600 11 600 600 22 600 86 58 600 39 84 600 600 51
62 37 61 600 600 600 12 600 8 42 34 600 600 0 45 600 44 51 600 34 64 600 20 600 57 36 44 600
41 600 36 600 600 600 55 600 48 52 54 42 600 45 0 600 600 7 600 10 600 600 26 600 12 23 1 38
39 600 45 55 23 53 600 22 600 55 67 41 11 600 600 0 600 600 18 600 75 48 600 33 600 65 600 50
67 7 71 42 600 54 45 600 36 33 24 600 600 44 600 600 0 83 600 68 21 57 60 65 600 55 75 600
43 76 37 600 85 600 62 78 55 58 60 42 600 51 7 600 83 0 600 17 600 600 32 600 6 29 8 36
22 600 27 59 28 60 600 23 600 46 58 23 22 600 600 18 600 600 0 600 74 55 600 17 63 49 63 33
43 61 39 87 600 600 45 600 38 47 47 46 600 34 10 600 68 17 600 0 82 600 16 50 22 20 9 45
70 27 76 24 600 35 66 600 55 38 35 80 86 64 600 75 21 600 74 82 0 39 77 66 600 66 88 600
64 600 71 15 70 6 600 70 600 50 56 72 58 600 600 48 57 600 55 600 39 0 600 58 600 76 600 84
54 53 52 87 600 600 30 600 26 47 43 58 600 20 26 600 60 32 600 16 77 600 0 59 38 27 25 59
7 62 14 56 44 61 600 38 61 32 44 15 39 600 600 33 65 600 17 50 66 58 59 0 51 32 48 26
43 600 37 600 82 600 67 76 60 61 65 41 84 57 12 600 600 6 63 22 600 600 38 51 0 32 13 34
27 49 26 69 75 78 47 69 35 29 32 33 600 36 23 65 55 29 49 20 66 76 27 32 32 0 22 37
41 68 36 91 85 600 54 79 47 51 53 41 600 44 1 600 75 8 63 9 88 600 25 48 13 22 0 38
21 600 15 83 49 600 600 42 72 53 63 12 51 600 38 50 600 36 33 45 600 84 59 26 34 37 38 0
EOF
