NAME: random17
TYPE: TSP
DIMENSION: 17
EDGE_WEIGHT_TYPE: EXPLICIT
EDGE_WEIGHT_FORMAT: FULL_MATRIX
EDGE_WEIGHT_SECTION
0 47 51 35 31 80 67 27 27 31 3 28 41 50 49 32 53
47 0 84 68 33 75 105 60 64 36 50 109 24 4 57 76 38
51 84 0 17 81 62 23 74 24 48 50 41 63 88 37 61 61
35 68 17 0 64 60 38 59 9 33 34 32 48 71 29 51 50
31 33 81 64 0 95 97 29 57 45 33 56 44 32 68 50 60
80 75 62 60 95 0 82 107 67 51 82 91 53 79 33 107 38
67 105 23 38 97 82 0 84 42 71 65 48 86 109 60 67 85
27 60 74 59 29 107 84 0 50 57 26 37 63 61 76 23 77
27 64 24 9 57 67 42 50 0 32 26 25 47 67 35 42 52
31 36 48 33 45 51 71 57 32 0 33 51 15 40 23 62 22
3 50 50 34 33 82 65 26 26 33 0 25 43 53 50 29 55
28 109 41 32 56 91 48 37 25 51 25 0 65 77 59 20 73
41 24 63 48 44 53 86 63 47 15 43 65 0 28 33 72 16
50 4 88 71 32 79 109 61 67 40 53 77 28 0 61 78 42
49 57 37 29 68 33 60 76 35 23 50 59 33 61 0 75 26
32 76 61 51 50 107 67 23 42 62 29 20 72 78 75 0 84
53 38 61 50 60 38 85 77 52 22 55 73 16 42 26 84 0
EOF
