NAME: random22
TYPE: TSP
DIMENSION: 22
EDGE_WEIGHT_TYPE: EXPLICIT
EDGE_WEIGHT_FORMAT: FULL_MATRIX
EDGE_WEIGHT_SECTION
0 43 15 22 33 21 66 48 74 53 60 22 24 62 615 56 35 72 46 28 45 45
43 0 58 23 21 51 41 615 37 63 39 25 27 80 52 26 79 47 74 35 615 615
15 58 0 37 48 27 76 33 86 53 69 35 35 58 615 68 21 81 40 36 32 36
22 23 37 0 13 29 55 69 57 58 50 14 19 615 72 42 57 61 61 28 65 62
33 21 48 13 0 33 60 81 57 70 56 26 31 85 72 46 66 66 74 40 77 75
21 51 27 29 33 0 82 58 86 74 77 38 42 83 101 71 38 88 66 48 60 63
66 41 76 55 60 82 0 97 22 46 7 45 42 64 27 15 615 6 69 40 86 75
48 615 33 69 81 58 97 0 112 59 89 64 63 52 123 93 23 101 34 59 13 26
74 37 86 57 57 86 22 112 0 66 27 52 51 85 15 19 108 24 87 53 102 92
53 63 53 58 70 74 46 59 66 0 40 45 40 19 73 50 68 48 26 31 46 33
60 39 69 50 56 77 7 89 27 40 0 39 36 58 34 14 90 12 62 33 79 68
22 25 35 14 26 38 45 64 52 45 39 0 5 615 65 34 57 50 50 14 57 52
24 27 35 19 31 42 42 63 51 40 36 5 0 55 64 33 57 48 46 9 55 49
62 80 58 615 85 83 64 52 85 19 58 615 55 0 90 68 68 66 20 46 40 27
615 52 615 72 72 101 27 123 15 73 34 65 64 90 0 31 615 25 96 65 112 102
56 26 68 42 46 71 15 93 19 50 14 34 33 68 31 0 90 20 69 34 83 74
35 79 21 57 66 38 615 23 108 68 90 57 57 68 615 90 0 102 48 57 31 42
72 47 81 61 66 88 6 101 24 48 12 50 48 66 25 20 102 0 72 45 90 78
46 74 40 61 74 66 69 34 87 26 62 50 46 20 96 69 48 72 0 39 21 8
28 35 36 28 40 48 40 59 53 31 33 14 9 46 65 34 57 45 39 0 50 42
45 615 32 65 77 60 86 13 102 46 79 57 55 40 112 83 31 90 21 50 0 14
45 615 36 62 75 63 75 26 92 33 68 52 49 27 102 74 42 78 8 42 14 0
EOF
