NAME: random26
TYPE: TSP
DIMENSION: 26
EDGE_WEIGHT_TYPE: EXPLICIT
EDGE_WEIGHT_FORMAT: FULL_MATRIX
EDGE_WEIGHT_SECTION
0 53 65 4 54 13 24 23 110 26 35 110 67 47 37 52 59 16 39 28 42 27 110 81 110 42
53 0 61 110 59 64 49 70 23 36 28 69 27 50 17 18 19 48 83 43 22 110 24 110 12 110
65 61 0 110 13 110 110 61 73 42 41 13 44 18 62 77 46 110 60 37 110 79 74 17 58 64
4 110 110 0 56 10 27 20 110 30 39 110 110 49 42 57 110 19 37 31 46 22 110 83 110 39
54 59 13 56 0 66 110 48 75 34 35 26 49 10 57 110 47 66 47 27 110 66 76 27 59 51
13 64 110 10 66 0 24 26 87 39 47 110 110 59 47 60 110 18 42 41 49 20 88 93 110 44
24 49 110 27 110 24 0 47 70 40 43 94 71 64 32 39 62 8 110 45 29 45 71 110 60 66
23 70 61 20 48 26 47 0 110 35 45 74 78 45 56 110 71 39 17 32 110 18 110 74 110 19
110 23 73 110 75 87 70 110 0 58 49 77 29 66 40 32 28 71 110 64 41 110 1 86 16 110
26 36 42 30 34 39 40 35 58 0 10 110 43 24 27 44 36 34 46 8 37 49 60 59 42 50
35 28 41 39 35 47 43 45 49 10 0 52 33 25 22 39 26 39 56 15 33 59 50 58 33 60
110 69 13 110 26 110 94 74 77 110 52 0 48 31 73 86 51 110 72 50 83 92 78 9 64 76
67 27 44 110 49 110 71 78 29 43 33 48 0 41 40 45 9 110 85 46 48 110 30 57 18 90
47 50 18 49 10 59 64 45 66 24 25 31 41 0 47 63 39 58 47 19 58 63 68 35 50 52
37 17 62 42 57 47 32 56 40 27 22 73 40 47 0 18 31 31 70 34 11 64 41 110 28 110
52 18 77 57 110 60 39 110 32 44 39 86 45 63 18 0 37 42 110 52 11 79 33 93 29 110
59 19 46 110 47 110 62 71 28 36 26 51 9 39 31 37 0 59 80 40 39 110 29 60 13 110
16 48 110 19 66 18 8 39 71 34 39 110 110 58 31 42 59 0 56 39 32 38 72 110 59 58
39 83 60 37 47 42 110 17 110 46 56 72 85 47 70 110 80 56 0 41 110 29 106 70 110 4
28 43 37 31 27 41 45 32 64 8 15 50 46 19 34 52 40 39 41 0 45 48 65 54 48 45
42 22 110 46 110 49 29 110 41 37 33 83 48 58 11 11 39 32 110 45 0 68 42 110 33 110
27 110 79 22 66 20 45 18 110 49 59 92 110 63 64 79 110 38 29 48 68 0 110 92 110 29
110 24 74 110 76 88 71 110 1 60 50 78 30 68 41 33 29 72 106 65 42 110 0 87 18 110
81 110 17 83 27 93 110 74 86 59 58 9 57 35 110 93 60 110 70 54 110 92 87 0 72 73
110 12 58 110 59 110 60 110 16 42 33 64 18 50 28 29 13 59 110 48 33 110 18 72 0 110
42 110 64 39 51 44 66 19 110 50 60 76 90 52 110 110 110 58 4 45 110 29 110 73 110 0
EOF
