NAME: random20
TYPE: TSP
DIMENSION: 20
EDGE_WEIGHT_TYPE: EXPLICIT
EDGE_WEIGHT_FORMAT: FULL_MATRIX
EDGE_WEIGHT_SECTION
0 31 59 43 530 36 20 530 49 530 27 530 44 7 42 26 530 530 47 67
31 0 530 530 66 63 11 79 530 530 14 72 35 26 54 27 97 36 530 530
59 530 0 38 80 24 76 99 10 48 530 73 530 61 47 530 67 530 34 44
43 530 38 0 43 23 52 62 35 30 530 39 39 41 8 33 46 39 5 24
530 66 80 43 0 65 530 20 530 42 530 10 32 65 36 46 41 31 46 41
36 63 24 23 65 0 53 530 16 46 63 61 55 38 29 41 65 55 22 41
20 11 76 52 530 53 0 81 67 530 12 530 36 15 48 22 530 37 530 530
530 79 99 62 20 530 81 0 530 58 530 26 46 530 56 62 51 44 530 58
49 530 10 35 530 16 67 530 0 51 77 530 530 52 43 57 530 530 32 46
530 530 48 30 42 46 530 58 51 0 530 33 530 530 33 530 19 58 27 6
27 14 530 530 530 63 12 530 77 530 0 530 47 25 60 35 530 48 530 530
530 72 73 39 10 61 530 26 530 33 530 0 38 66 33 49 31 37 41 33
44 35 530 39 32 55 36 46 530 530 47 38 0 37 31 18 530 1 530 54
7 26 61 41 65 38 15 530 52 530 25 66 37 0 38 19 530 38 45 64
42 54 47 8 36 29 48 56 43 33 60 33 31 38 0 27 47 31 13 27
26 27 530 33 46 41 22 62 57 530 35 49 18 19 27 0 530 19 38 54
530 97 67 46 41 65 530 51 530 19 530 31 530 530 47 530 0 65 45 24
530 36 530 39 31 55 37 44 530 58 48 37 1 38 31 19 65 0 530 54
47 530 34 5 46 22 530 530 32 27 530 41 530 45 13 38 45 530 0 21
67 530 44 24 41 41 530 58 46 6 530 33 54 64 27 54 24 54 21 0
EOF
