NAME: random24
TYPE: TSP
DIMENSION: 24
EDGE_WEIGHT_TYPE: EXPLICIT
EDGE_WEIGHT_FORMAT: FULL_MATRIX
EDGE_WEIGHT_SECTION
0 113 113 38 113 113 32 113 32 46 41 33 19 6 113 49 20 28 14 48 113 113 56 29
113 0 113 10 113 69 113 47 47 113 18 113 113 43 39 113 113 37 113 14 113 86 113 20
113 113 0 113 42 38 38 52 36 24 113 28 113 113 113 14 113 113 50 113 12 65 19 113
38 10 113 0 113 113 65 47 41 113 15 52 58 33 39 113 27 30 34 16 113 88 113 11
113 113 42 113 0 18 113 42 56 65 113 58 113 113 50 55 113 113 75 74 36 26 33 113
113 69 38 113 18 0 113 24 40 113 53 44 113 113 33 47 113 46 59 56 27 30 21 113
32 113 38 65 113 113 0 68 34 17 113 23 26 35 68 24 39 40 31 113 41 113 45 54
113 47 52 47 42 24 68 0 34 113 31 44 113 113 8 56 42 34 49 33 40 41 33 44
32 47 36 41 56 40 34 34 0 36 31 13 45 28 34 31 17 11 19 38 28 69 26 31
46 113 24 113 65 113 17 113 36 0 113 23 43 47 113 10 113 45 41 113 30 113 36 113
41 18 113 15 113 53 113 31 31 113 0 43 60 35 24 113 23 21 31 8 113 72 49 14
33 113 28 52 58 44 23 44 13 23 43 0 40 31 45 19 26 22 23 113 24 74 25 41
19 113 113 58 113 113 26 113 45 43 60 40 0 25 113 113 38 113 30 113 113 113 113 49
6 43 113 33 113 113 35 113 28 47 35 31 25 0 53 113 15 23 9 42 113 113 113 23
113 39 113 39 50 33 68 8 34 113 24 45 113 53 0 113 38 31 46 25 45 48 38 37
49 113 14 113 55 47 24 56 31 10 113 19 113 113 113 0 113 113 41 113 20 113 26 113
20 113 113 27 113 113 39 42 17 113 23 26 38 15 38 113 0 9 9 30 113 113 43 16
28 37 113 30 113 46 40 34 11 45 21 22 113 23 31 113 9 0 15 29 38 72 35 20
14 113 50 34 75 59 31 49 19 41 31 23 30 9 46 41 9 15 0 39 45 86 44 23
48 14 113 16 74 56 113 33 38 113 8 113 113 42 25 113 30 29 39 0 113 73 55 19
113 113 12 113 36 27 41 40 28 30 113 24 113 113 45 20 113 38 45 113 0 56 7 113
113 86 65 88 26 30 113 41 69 113 72 74 113 113 48 113 113 72 86 73 56 0 51 85
56 113 19 113 33 21 45 33 26 36 49 25 113 113 38 26 43 35 44 55 7 51 0 113
29 20 113 11 113 113 54 44 31 113 14 41 49 23 37 113 16 20 23 19 113 85 113 0
EOF
