NAME: random12
TYPE: TSP
DIMENSION: 12
EDGE_WEIGHT_TYPE: EXPLICIT
EDGE_WEIGHT_FORMAT: FULL_MATRIX
EDGE_WEIGHT_SECTION
0 23 23 625 100 19 80 27 47 84 625 62
23 0 46 81 80 8 75 26 29 63 72 44
23 46 0 625 122 41 93 40 69 625 625 81
625 81 625 0 12 84 82 625 57 18 14 77
100 80 122 12 0 82 72 103 53 19 22 82
19 8 41 84 82 0 70 29 29 66 76 51
80 75 93 82 72 70 0 100 54 71 85 109
27 26 40 625 103 29 100 0 55 85 91 43
47 29 69 57 53 29 54 55 0 39 51 56
84 63 625 18 19 66 71 85 39 0 14 63
625 72 625 14 22 76 85 91 51 14 0 64
62 44 81 77 82 51 109 43 56 63 64 0
EOF
