NAME: random21
TYPE: TSP
DIMENSION: 21
EDGE_WEIGHT_TYPE: EXPLICIT
EDGE_WEIGHT_FORMAT: FULL_MATRIX
EDGE_WEIGHT_SECTION
0 72 29 45 39 58 14 535 98 72 56 61 535 48 25 33 50 535 535 67 36
72 0 52 535 535 535 61 535 535 36 535 535 76 25 50 59 26 71 28 64 51
29 52 0 535 54 535 15 535 535 65 535 535 535 33 25 43 38 535 68 535 40
45 535 535 0 8 31 535 28 55 54 12 19 535 535 38 21 535 50 535 31 27
39 535 54 8 0 37 44 34 59 49 16 27 63 47 30 12 44 51 63 31 19
58 535 535 31 37 0 69 43 70 535 37 20 85 535 63 48 535 74 535 59 56
14 61 15 535 44 69 0 535 535 535 535 535 535 38 20 34 41 535 535 535 34
535 535 535 28 34 43 535 0 28 55 17 23 43 535 535 44 65 33 69 24 47
98 535 535 55 59 70 535 28 0 59 43 50 26 535 535 535 78 25 71 35 67
72 36 65 54 49 535 535 55 59 0 48 68 41 33 47 44 27 34 15 30 37
56 535 535 12 16 37 535 17 43 48 0 20 51 535 44 27 51 39 535 21 30
61 535 535 19 27 20 535 23 50 68 20 0 65 535 535 40 535 54 535 40 46
535 76 535 535 63 85 535 43 26 41 51 65 0 71 78 535 66 12 50 32 63
48 25 33 535 47 535 38 535 535 33 535 535 71 0 25 35 6 535 35 49 28
25 50 25 38 30 63 20 535 535 47 44 535 78 25 0 18 25 67 55 49 15
33 59 43 21 12 48 34 44 535 44 27 40 535 35 18 0 33 54 56 35 8
50 26 38 535 44 535 41 65 78 27 51 535 66 6 25 33 0 57 31 44 25
535 71 535 50 51 74 535 33 25 34 39 54 12 535 67 54 57 0 46 20 52
535 28 68 535 63 535 535 69 71 15 535 535 50 35 55 56 31 46 0 45 48
67 64 535 31 31 59 535 24 35 30 21 40 32 49 49 35 44 20 45 0 33
36 51 40 27 19 56 34 47 67 37 30 46 63 28 15 8 25 52 48 33 0
EOF
