NAME: random26
TYPE: TSP
DIMENSION: 26
EDGE_WEIGHT_TYPE: EXPLICIT
EDGE_WEIGHT_FORMAT: FULL_MATRIX
EDGE_WEIGHT_SECTION
0 53 550 4 54 13 24 23 550 26 35 550 550 47 37 550 59 16 39 28 42 27 550 81 550 42
53 0 61 550 59 550 49 550 23 36 28 69 27 50 17 18 19 48 550 43 22 550 24 550 12 550
550 61 0 550 13 550 550 61 73 42 41 13 44 18 550 77 46 550 60 37 550 550 74 17 58 64
4 550 550 0 56 10 27 20 550 30 39 550 550 550 42 550 550 19 37 31 550 22 550 83 550 39
54 59 13 56 0 550 550 48 550 34 35 26 49 10 57 550 47 550 47 27 550 66 76 27 59 51
13 550 550 10 550 0 24 26 550 39 47 550 550 550 47 60 550 18 42 41 49 20 550 550 550 44
24 49 550 27 550 24 0 47 70 40 43 550 550 550 32 39 550 8 550 45 29 45 550 550 550 550
23 550 61 20 48 26 47 0 550 35 45 550 550 45 56 550 550 39 17 32 550 18 550 74 550 19
550 23 73 550 550 550 70 550 0 58 49 77 29 66 40 32 28 550 550 550 41 550 1 86 16 550
26 36 42 30 34 39 40 35 58 0 10 550 43 24 27 44 36 34 46 8 37 49 550 550 42 50
35 28 41 39 35 47 43 45 49 10 0 52 33 25 22 39 26 39 56 15 33 550 50 58 33 550
550 69 13 550 26 550 550 550 77 550 52 0 48 31 550 86 51 550 72 50 550 550 78 9 64 76
550 27 44 550 49 550 550 550 29 43 33 48 0 41 40 45 9 550 85 46 550 550 30 57 18 550
47 50 18 550 10 550 550 45 66 24 25 31 41 0 47 63 39 58 47 19 550 550 68 35 50 52
37 17 550 42 57 47 32 56 40 27 22 550 40 47 0 18 31 31 550 34 11 550 41 550 28 550
550 18 77 550 550 60 39 550 32 44 39 86 45 63 18 0 37 42 550 52 11 550 33 550 29 550
59 19 46 550 47 550 550 550 28 36 26 51 9 39 31 37 0 59 80 40 39 550 29 60 13 550
16 48 550 19 550 18 8 39 550 34 39 550 550 58 31 42 59 0 56 39 32 38 550 550 550 550
39 550 60 37 47 42 550 17 550 46 56 72 85 47 550 550 80 56 0 41 550 29 550 70 550 4
28 43 37 31 27 41 45 32 550 8 15 50 46 19 34 52 40 39 41 0 550 48 550 54 48 45
42 22 550 550 550 49 29 550 41 37 33 550 550 550 11 11 39 32 550 550 0 550 42 550 33 550
27 550 550 22 66 20 45 18 550 49 550 550 550 550 550 550 550 38 29 48 550 0 550 92 550 29
550 24 74 550 76 550 550 550 1 550 50 78 30 68 41 33 29 550 550 550 42 550 0 87 18 550
81 550 17 83 27 550 550 74 86 550 58 9 57 35 550 550 60 550 70 54 550 92 87 0 550 73
550 12 58 550 59 550 550 550 16 42 33 64 18 50 28 29 13 550 550 48 33 550 18 550 0 550
42 550 64 39 51 44 550 19 550 50 550 76 550 52 550 550 550 550 4 45 550 29 550 73 550 0
EOF
