NAME: random15
TYPE: TSP
DIMENSION: 15
EDGE_WEIGHT_TYPE: EXPLICIT
EDGE_WEIGHT_FORMAT: FULL_MATRIX
EDGE_WEIGHT_SECTION
0 495 67 56 74 11 70 5 69 81 24 31 495 79 495
495 0 28 26 13 495 83 77 33 16 495 71 74 12 20
67 28 0 23 32 70 56 62 50 41 74 49 48 18 13
56 26 23 0 20 61 70 51 29 29 70 48 67 25 29
74 13 32 20 0 81 86 70 21 9 495 69 80 22 29
11 495 70 61 81 0 63 12 78 495 14 26 79 83 495
70 83 56 70 86 63 0 66 99 495 57 39 22 73 66
5 77 62 51 70 12 66 0 66 77 25 27 79 74 74
69 33 50 29 21 78 99 66 0 20 89 73 495 42 49
81 16 41 29 9 495 495 77 20 0 495 77 495 27 35
24 495 74 70 495 14 57 25 89 495 0 26 75 89 87
31 71 49 48 69 26 39 27 73 77 26 0 53 65 62
495 74 48 67 80 79 22 79 495 495 75 53 0 62 55
79 12 18 25 22 83 73 74 42 27 89 65 62 0 8
495 20 13 29 29 495 66 74 49 35 87 62 55 8 0
EOF
