NAME: random28
TYPE: TSP
DIMENSION: 28
EDGE_WEIGHT_TYPE: EXPLICIT
EDGE_WEIGHT_FORMAT: FULL_MATRIX
EDGE_WEIGHT_SECTION
0 63 7 62 48 67 600 42 59 34 44 10 45 600 41 39 67 43 22 43 70 64 54 7 43 27 41 21
63 0 600 46 600 600 39 600 29 29 19 600 600 37 600 600 7 600 600 61 27 600 53 600 600 49 600 600
7 600 0 69 50 600 600 44 60 39 48 7 49 600 36 45 600 37 27 39 76 600 52 14 37 26 36 15
62 46 69 0 600 12 600 600 70 40 44 71 66 600 600 55 42 600 59 600 24 15 600 56 600 69 600 600
48 600 50 600 0 600 600 6 600 600 600 44 13 600 600 23 600 600 28 600 600 70 600 44 82 600 600 49
67 600 600 12 600 0 600 600 600 50 55 600 64 600 600 53 54 600 60 600 35 6 600 61 600 78 600 600
600 39 600 600 600 600 0 600 15 51 41 600 600 12 600 600 45 600 600 45 66 600 30 600 600 47 600 600
42 600 44 600 6 600 600 0 600 69 600 38 14 600 600 22 600 600 23 600 600 70 600 38 76 69 79 42
59 29 60 70 600 600 15 600 0 36 26 600 600 8 48 600 36 55 600 38 55 600 26 61 600 35 47 600
34 29 39 40 600 50 51 69 36 0 12 44 65 42 600 55 33 600 46 47 38 50 47 32 61 29 51 53
44 19 48 44 600 55 41 600 26 12 0 54 600 34 600 600 24 60 600 47 35 56 43 44 600 32 53 600
10 600 7 71 44 600 600 38 600 44 54 0 43 600 600 41 600 42 23 46 80 72 600 15 41 33 41 12
45 600 49 66 13 64 600 14 600 65 600 43 0 600 600 11 600 600 22 600 600 58 600 39 600 600 600 51
600 37 600 600 600 600 12 600 8 42 34 600 600 0 600 600 44 51 600 34 600 600 20 600 600 36 44 600
41 600 36 600 600 600 600 600 48 600 600 600 600 600 0 600 600 7 600 10 600 600 26 600 12 23 1 38
39 600 45 55 23 53 600 22 600 55 600 41 11 600 600 0 600 600 18 600 75 48 600 33 600 600 600 50
67 7 600 42 600 54 45 600 36 33 24 600 600 44 600 600 0 600 600 600 21 600 60 65 600 55 600 600
43 600 37 600 600 600 600 600 55 600 60 42 600 51 7 600 600 0 600 17 600 600 32 600 6 29 8 36
22 600 27 59 28 60 600 23 600 46 600 23 22 600 600 18 600 600 0 600 600 55 600 17 63 49 600 33
43 61 39 600 600 600 45 600 38 47 47 46 600 34 10 600 600 17 600 0 600 600 16 600 22 20 9 45
70 27 76 24 600 35 66 600 55 38 35 80 600 600 600 75 21 600 600 600 0 39 77 66 600 66 600 600
64 600 600 15 70 6 600 70 600 50 56 72 58 600 600 48 600 600 55 600 39 0 600 58 600 76 600 600
54 53 52 600 600 600 30 600 26 47 43 600 600 20 26 600 60 32 600 16 77 600 0 600 38 27 25 600
7 600 14 56 44 61 600 38 61 32 44 15 39 600 600 33 65 600 17 600 66 58 600 0 51 32 48 26
43 600 37 600 82 600 600 76 600 61 600 41 600 600 12 600 600 6 63 22 600 600 38 51 0 32 13 34
27 49 26 69 600 78 47 69 35 29 32 33 600 36 23 600 55 29 49 20 66 76 27 32 32 0 22 37
41 600 36 600 600 600 600 79 47 51 53 41 600 44 1 600 600 8 600 9 600 600 25 48 13 22 0 38
21 600 15 600 49 600 600 42 600 53 600 12 51 600 38 50 600 36 33 45 600 600 600 26 34 37 38 0
EOF
