NAME: random23
TYPE: TSP
DIMENSION: 23
EDGE_WEIGHT_TYPE: EXPLICIT
EDGE_WEIGHT_FORMAT: FULL_MATRIX
EDGE_WEIGHT_SECTION
0 120 39 66 54 52 120 8 120 120 44 103 120 61 120 39 53 95 120 53 19 41 120
120 0 68 61 20 120 12 120 23 47 35 71 23 35 18 44 120 67 19 66 52 30 59
39 68 0 30 48 29 120 47 88 41 60 69 120 39 70 61 14 62 65 15 38 45 45
66 61 30 0 45 52 120 120 75 16 120 40 81 26 120 120 21 32 120 16 57 52 15
54 20 48 45 0 120 29 120 41 35 30 120 42 21 25 37 53 59 22 48 36 15 120
52 120 29 52 120 0 120 59 118 66 120 89 120 68 120 84 31 82 120 37 60 73 67
120 12 120 120 29 120 0 120 24 59 33 120 17 47 13 42 120 120 17 120 120 34 120
8 120 47 120 120 59 120 0 120 120 42 109 120 65 62 35 61 120 57 61 20 43 120
120 23 88 75 41 118 24 120 0 59 120 74 12 51 36 65 90 72 40 84 120 53 69
120 47 41 16 35 66 59 120 59 0 120 34 66 14 120 120 35 27 56 29 120 45 13
44 35 60 120 30 120 33 42 120 120 0 120 50 49 20 9 120 120 16 120 28 18 120
103 71 69 40 120 89 120 109 74 34 120 0 120 47 120 120 60 8 120 55 91 120 25
120 23 120 81 42 120 17 120 12 66 50 120 0 56 30 59 120 81 34 120 72 51 120
61 35 39 26 21 68 47 65 51 14 49 47 56 0 46 55 39 40 43 33 46 32 27
120 18 70 120 25 120 13 62 36 120 20 120 30 46 0 29 120 120 5 120 45 25 120
39 44 61 120 37 84 42 35 65 120 9 120 59 55 29 0 120 120 25 69 25 24 120
53 120 14 21 53 31 120 61 90 35 120 60 120 39 120 120 0 52 120 6 50 54 36
95 67 62 32 59 82 120 120 72 27 120 8 81 40 120 120 52 0 120 47 120 120 17
120 19 65 120 22 120 17 57 40 56 16 120 34 43 5 25 120 120 0 67 39 20 120
53 66 15 16 48 37 120 61 84 29 120 55 120 33 120 69 6 47 67 0 48 49 31
19 52 38 57 36 60 120 20 120 120 28 91 72 46 45 25 50 120 39 48 0 23 120
41 30 45 52 15 73 34 43 53 45 18 120 51 32 25 24 54 120 20 49 23 0 120
120 59 45 15 120 67 120 120 69 13 120 25 120 27 120 120 36 17 120 31 120 120 0
EOF
