NAME: random24
TYPE: TSP
DIMENSION: 24
EDGE_WEIGHT_TYPE: EXPLICIT
EDGE_WEIGHT_FORMAT: FULL_MATRIX
EDGE_WEIGHT_SECTION
0 565 565 38 565 565 32 565 32 46 41 33 19 6 565 49 20 28 14 48 565 565 56 29
565 0 565 10 565 69 565 47 47 565 18 565 565 43 39 565 565 37 565 14 565 86 565 20
565 565 0 565 42 38 38 52 36 24 565 28 565 565 565 14 565 565 50 565 12 65 19 565
38 10 565 0 565 565 65 47 41 565 15 52 58 33 39 565 27 30 34 16 565 88 565 11
565 565 42 565 0 18 565 42 56 65 565 58 565 565 50 55 565 565 75 74 36 26 33 565
565 69 38 565 18 0 565 24 40 565 53 44 565 565 33 47 565 46 59 56 27 30 21 565
32 565 38 65 565 565 0 68 34 17 565 23 26 35 68 24 39 40 31 565 41 565 45 54
565 47 52 47 42 24 68 0 34 565 31 44 565 565 8 56 42 34 49 33 40 41 33 44
32 47 36 41 56 40 34 34 0 36 31 13 45 28 34 31 17 11 19 38 28 69 26 31
46 565 24 565 65 565 17 565 36 0 565 23 43 47 565 10 565 45 41 565 30 565 36 565
41 18 565 15 565 53 565 31 31 565 0 43 60 35 24 565 23 21 31 8 565 72 49 14
33 565 28 52 58 44 23 44 13 23 43 0 40 31 45 19 26 22 23 565 24 74 25 41
19 565 565 58 565 565 26 565 45 43 60 40 0 25 565 565 38 565 30 565 565 565 565 49
6 43 565 33 565 565 35 565 28 47 35 31 25 0 53 565 15 23 9 42 565 565 565 23
565 39 565 39 50 33 68 8 34 565 24 45 565 53 0 565 38 31 46 25 45 48 38 37
49 565 14 565 55 47 24 56 31 10 565 19 565 565 565 0 565 565 41 565 20 565 26 565
20 565 565 27 565 565 39 42 17 565 23 26 38 15 38 565 0 9 9 30 565 565 43 16
28 37 565 30 565 46 40 34 11 45 21 22 565 23 31 565 9 0 15 29 38 72 35 20
14 565 50 34 75 59 31 49 19 41 31 23 30 9 46 41 9 15 0 39 45 86 44 23
48 14 565 16 74 56 565 33 38 565 8 565 565 42 25 565 30 29 39 0 565 73 55 19
565 565 12 565 36 27 41 40 28 30 565 24 565 565 45 20 565 38 45 565 0 56 7 565
565 86 65 88 26 30 565 41 69 565 72 74 565 565 48 565 565 72 86 73 56 0 51 85
56 565 19 565 33 21 45 33 26 36 49 25 565 565 38 26 43 35 44 55 7 51 0 565
29 20 565 11 565 565 54 44 31 565 14 41 49 23 37 565 16 20 23 19 565 85 565 0
EOF
