NAME: random21
TYPE: TSP
DIMENSION: 21
EDGE_WEIGHT_TYPE: EXPLICIT
EDGE_WEIGHT_FORMAT: FULL_MATRIX
EDGE_WEIGHT_SECTION
0 72 29 45 39 58 14 107 98 72 56 61 107 48 25 33 50 107 107 67 36
72 0 52 107 107 107 61 107 107 36 107 107 76 25 50 59 26 71 28 64 51
29 52 0 107 54 107 15 107 107 65 107 107 107 33 25 43 38 107 68 107 40
45 107 107 0 8 31 107 28 55 54 12 19 107 107 38 21 107 50 107 31 27
39 107 54 8 0 37 44 34 59 49 16 27 63 47 30 12 44 51 63 31 19
58 107 107 31 37 0 69 43 70 107 37 20 85 107 63 48 107 74 107 59 56
14 61 15 107 44 69 0 107 107 107 107 107 107 38 20 34 41 107 107 107 34
107 107 107 28 34 43 107 0 28 55 17 23 43 107 107 44 65 33 69 24 47
98 107 107 55 59 70 107 28 0 59 43 50 26 107 107 107 78 25 71 35 67
72 36 65 54 49 107 107 55 59 0 48 68 41 33 47 44 27 34 15 30 37
56 107 107 12 16 37 107 17 43 48 0 20 51 107 44 27 51 39 107 21 30
61 107 107 19 27 20 107 23 50 68 20 0 65 107 107 40 107 54 107 40 46
107 76 107 107 63 85 107 43 26 41 51 65 0 71 78 107 66 12 50 32 63
48 25 33 107 47 107 38 107 107 33 107 107 71 0 25 35 6 107 35 49 28
25 50 25 38 30 63 20 107 107 47 44 107 78 25 0 18 25 67 55 49 15
33 59 43 21 12 48 34 44 107 44 27 40 107 35 18 0 33 54 56 35 8
50 26 38 107 44 107 41 65 78 27 51 107 66 6 25 33 0 57 31 44 25
107 71 107 50 51 74 107 33 25 34 39 54 12 107 67 54 57 0 46 20 52
107 28 68 107 63 107 107 69 71 15 107 107 50 35 55 56 31 46 0 45 48
67 64 107 31 31 59 107 24 35 30 21 40 32 49 49 35 44 20 45 0 33
36 51 40 27 19 56 34 47 67 37 30 46 63 28 15 8 25 52 48 33 0
EOF
