NAME: random19
TYPE: TSP
DIMENSION: 19
EDGE_WEIGHT_TYPE: EXPLICIT
EDGE_WEIGHT_FORMAT: FULL_MATRIX
EDGE_WEIGHT_SECTION
0 460 460 58 460 24 460 26 23 30 33 460 53 17 20 8 50 460 460
460 0 10 460 89 41 31 39 41 460 460 460 460 460 460 58 52 11 31
460 10 0 460 85 48 26 47 48 460 460 69 460 460 460 460 52 9 21
58 460 460 0 35 52 59 460 460 31 33 22 17 41 40 460 28 71 77
460 89 85 35 0 77 59 88 460 60 68 21 37 460 460 460 44 79 73
24 41 48 52 77 0 46 11 7 22 43 56 41 21 18 21 34 40 59
460 31 26 59 59 46 0 51 49 48 460 44 41 59 54 66 32 21 18
26 39 47 460 88 11 51 0 5 33 460 67 460 460 27 20 44 40 62
23 41 48 460 460 7 49 5 0 28 460 460 460 25 22 18 40 41 62
30 460 460 31 60 22 48 33 28 0 26 40 23 13 10 32 21 52 66
33 460 460 33 68 43 460 460 460 26 0 53 39 22 25 40 43 460 460
460 460 69 22 21 56 44 67 460 40 53 0 17 53 50 460 23 61 60
53 460 460 17 37 41 41 460 460 23 39 17 0 36 34 55 11 54 60
17 460 460 41 460 21 59 460 25 13 22 53 36 0 4 21 34 460 460
20 460 460 40 460 18 54 27 22 10 25 50 34 4 0 22 31 54 460
8 58 460 460 460 21 66 20 18 32 40 460 55 21 22 0 51 59 460
50 52 52 28 44 34 32 44 40 21 43 23 11 34 31 51 0 43 50
460 11 9 71 79 40 21 40 41 52 460 61 54 460 54 59 43 0 23
460 31 21 77 73 59 18 62 62 66 460 60 60 460 460 460 50 23 0
EOF
