NAME: random16
TYPE: TSP
DIMENSION: 16
EDGE_WEIGHT_TYPE: EXPLICIT
EDGE_WEIGHT_FORMAT: FULL_MATRIX
EDGE_WEIGHT_SECTION
0 510 33 59 44 510 62 23 48 8 41 35 49 53 61 20
510 0 26 18 510 3 21 39 44 52 510 43 24 54 510 78
33 26 0 33 510 25 37 13 41 27 510 32 19 51 70 52
59 18 33 0 510 15 3 46 30 55 510 33 39 38 63 79
44 510 510 510 0 510 510 67 510 51 6 68 510 79 71 28
510 3 25 15 510 0 18 38 41 51 510 39 25 50 510 76
62 21 37 3 510 18 0 49 31 510 510 35 42 39 63 510
23 39 13 46 67 38 49 0 48 16 64 36 26 56 72 41
48 44 41 30 510 41 31 48 0 48 73 13 57 10 33 510
8 52 27 55 51 51 510 16 48 0 48 35 42 55 65 26
41 510 510 510 6 510 510 64 73 48 0 63 90 73 66 26
35 43 32 33 68 39 35 36 13 35 63 0 50 20 38 53
49 24 19 39 510 25 42 26 57 42 90 50 0 510 510 66
53 54 51 38 79 50 39 56 10 55 73 20 510 0 25 69
61 510 70 63 71 510 63 72 33 65 66 38 510 25 0 71
20 78 52 79 28 76 510 41 510 26 26 53 66 69 71 0
EOF
