NAME: random18
TYPE: TSP
DIMENSION: 18
EDGE_WEIGHT_TYPE: EXPLICIT
EDGE_WEIGHT_FORMAT: FULL_MATRIX
EDGE_WEIGHT_SECTION
0 40 32 48 62 34 49 58 36 48 16 34 63 24 53 39 47 33
40 0 57 83 64 71 21 78 107 107 25 64 107 63 107 57 107 33
32 57 0 30 94 24 74 107 20 107 43 9 107 38 107 70 56 63
48 83 30 0 107 14 107 89 13 57 64 21 47 37 49 78 40 80
62 64 94 107 0 90 48 31 107 63 55 107 92 68 78 27 80 34
34 71 24 14 90 0 107 76 5 48 50 16 45 24 43 64 33 66
49 21 74 107 48 107 0 68 107 83 33 107 107 70 107 50 107 25
58 78 107 89 31 76 68 0 107 37 59 107 66 52 52 21 56 45
36 107 20 13 107 5 107 107 0 53 51 11 50 29 48 68 39 107
48 107 107 57 63 48 83 37 53 0 59 61 29 28 15 38 20 58
16 25 43 64 55 50 33 59 51 59 0 47 107 39 107 38 107 22
34 64 9 21 107 16 107 107 11 61 47 0 61 35 107 70 49 67
63 107 107 47 92 45 107 66 50 29 107 61 0 40 14 67 16 84
24 63 38 37 68 24 70 52 29 28 39 35 40 0 30 40 24 48
53 107 107 49 78 43 107 52 48 15 107 107 14 30 0 52 9 107
39 57 70 78 27 64 50 21 68 38 38 70 67 40 52 0 53 25
47 107 56 40 80 33 107 56 39 20 107 49 16 24 9 53 0 68
33 33 63 80 34 66 25 45 107 58 22 67 84 48 107 25 68 0
EOF
