NAME: random8
TYPE: TSP
DIMENSION: 8
EDGE_WEIGHT_TYPE: EXPLICIT
EDGE_WEIGHT_FORMAT: FULL_MATRIX
EDGE_WEIGHT_SECTION
0 44 1150 72 1150 53 28 1150
44 0 82 1150 1150 31 21 27
1150 82 0 44 1150 1150 1150 57
72 1150 44 0 12 19 1150 19
1150 1150 1150 12 0 7 1150 11
53 31 1150 19 7 0 27 13
28 21 1150 1150 1150 27 0 1150
1150 27 57 19 11 13 1150 0
EOF
