NAME: random9
TYPE: TSP
DIMENSION: 9
EDGE_WEIGHT_TYPE: EXPLICIT
EDGE_WEIGHT_FORMAT: FULL_MATRIX
EDGE_WEIGHT_SECTION
0 1150 31 48 17 41 1150 1150 1150
1150 0 36 14 1150 1150 47 48 1150
31 36 0 28 14 1150 1150 1150 1150
48 14 28 0 35 68 1150 43 1150
17 1150 14 35 0 1150 1150 1150 1150
41 1150 1150 68 1150 0 1150 61 76
1150 47 1150 1150 1150 1150 0 59 63
1150 48 1150 43 1150 61 59 0 22
1150 1150 1150 1150 1150 76 63 22 0
EOF
