NAME: random7
TYPE: TSP
DIMENSION: 7
EDGE_WEIGHT_TYPE: EXPLICIT
EDGE_WEIGHT_FORMAT: FULL_MATRIX
EDGE_WEIGHT_SECTION
0 37 930 930 34 60 78
37 0 57 65 28 25 930
930 57 0 67 930 40 930
930 65 67 0 49 930 12
34 28 930 49 0 930 45
60 25 40 930 930 0 930
78 930 930 12 45 930 0
EOF
