NAME: random11
TYPE: TSP
DIMENSION: 11
EDGE_WEIGHT_TYPE: EXPLICIT
EDGE_WEIGHT_FORMAT: FULL_MATRIX
EDGE_WEIGHT_SECTION
0 1180 1180 1180 1180 56 1180 1180 19 19 1180
1180 0 24 1180 1180 1180 1180 31 1180 1180 31
1180 24 0 41 1180 49 1180 29 1180 34 47
1180 1180 41 0 1180 1180 1180 21 37 45 1180
1180 1180 1180 1180 0 77 5 1180 1180 1180 19
56 1180 49 1180 77 0 1180 1180 1180 42 71
1180 1180 1180 1180 5 1180 0 1180 1180 1180 14
1180 31 29 21 1180 1180 1180 0 1180 1180 62
19 1180 1180 37 1180 1180 1180 1180 0 30 1180
19 1180 34 45 1180 42 1180 1180 30 0 1180
1180 31 47 1180 19 71 14 62 1180 1180 0
EOF
