NAME: random14
TYPE: TSP
DIMENSION: 14
EDGE_WEIGHT_TYPE: EXPLICIT
EDGE_WEIGHT_FORMAT: FULL_MATRIX
EDGE_WEIGHT_SECTION
0 1100 28 1100 1100 1100 1100 1100 1100 24 1100 37 1100 22
1100 0 1100 1100 1100 1100 33 28 37 1100 10 1100 1100 1100
28 1100 0 1100 1100 1100 1100 1100 1100 48 1100 48 1100 1100
1100 1100 1100 0 10 29 1100 1100 1100 1100 1100 26 17 39
1100 1100 1100 10 0 1100 22 13 1100 1100 1100 35 14 1100
1100 1100 1100 29 1100 0 1100 19 13 1100 24 1100 16 33
1100 33 1100 1100 22 1100 0 24 1100 1100 1100 53 1100 1100
1100 28 1100 1100 13 19 24 0 1100 1100 22 1100 5 1100
1100 37 1100 1100 1100 13 1100 1100 0 43 27 1100 1100 37
24 1100 48 1100 1100 1100 1100 1100 43 0 1100 1100 1100 12
1100 10 1100 1100 1100 24 1100 22 27 1100 0 1100 1100 1100
37 1100 48 26 35 1100 53 1100 1100 1100 1100 0 1100 44
1100 1100 1100 17 14 16 1100 5 1100 1100 1100 1100 0 1100
22 1100 1100 39 1100 33 1100 1100 37 12 1100 44 1100 0
EOF
