NAME: random10
TYPE: TSP
DIMENSION: 10
EDGE_WEIGHT_TYPE: EXPLICIT
EDGE_WEIGHT_FORMAT: FULL_MATRIX
EDGE_WEIGHT_SECTION
0 1010 34 1010 61 1010 1010 1010 28 71
1010 0 54 44 1010 21 1010 22 47 29
34 54 0 61 36 1010 57 1010 23 1010
1010 44 61 0 1010 52 32 1010 1010 1010
61 1010 36 1010 0 1010 45 1010 1010 1010
1010 21 1010 52 1010 0 1010 1010 1010 33
1010 1010 57 32 45 1010 0 1010 1010 1010
1010 22 1010 1010 1010 1010 1010 0 33 15
28 47 23 1010 1010 1010 1010 33 0 47
71 29 1010 1010 1010 33 1010 15 47 0
EOF
