NAME: random13
TYPE: TSP
DIMENSION: 13
EDGE_WEIGHT_TYPE: EXPLICIT
EDGE_WEIGHT_FORMAT: FULL_MATRIX
EDGE_WEIGHT_SECTION
0 1200 29 1200 50 1200 1200 60 53 1200 17 1200 77
1200 0 53 29 30 1200 1200 1200 1200 1200 1200 51 1200
29 53 0 1200 43 1200 1200 1200 1200 1200 24 1200 1200
1200 29 1200 0 6 1200 1200 25 1200 1200 1200 32 1200
50 30 43 6 0 1200 1200 27 1200 1200 1200 1200 1200
1200 1200 1200 1200 1200 0 1200 1200 23 7 1200 1200 23
1200 1200 1200 1200 1200 1200 0 36 1200 50 1200 27 1200
60 1200 1200 25 27 1200 36 0 35 49 1200 24 1200
53 1200 1200 1200 1200 23 1200 35 0 25 1200 1200 36
1200 1200 1200 1200 1200 7 50 49 25 0 1200 1200 29
17 1200 24 1200 1200 1200 1200 1200 1200 1200 0 1200 93
1200 51 1200 32 1200 1200 27 24 1200 1200 1200 0 1200
77 1200 1200 1200 1200 23 1200 1200 36 29 93 1200 0
EOF
