NAME: random15
TYPE: TSP
DIMENSION: 15
EDGE_WEIGHT_TYPE: EXPLICIT
EDGE_WEIGHT_FORMAT: FULL_MATRIX
EDGE_WEIGHT_SECTION
0 990 990 990 990 11 990 5 69 990 990 990 990 990 990
990 0 990 990 13 990 990 990 990 16 990 990 990 12 20
990 990 0 23 990 990 56 990 990 990 990 49 48 18 13
990 990 23 0 20 990 990 51 29 990 990 48 990 25 990
990 13 990 20 0 990 990 990 21 9 990 990 990 22 990
11 990 990 990 990 0 990 12 990 990 14 26 990 990 990
990 990 56 990 990 990 0 990 990 990 57 39 22 990 990
5 990 990 51 990 12 990 0 66 990 990 27 990 990 990
69 990 990 29 21 990 990 66 0 20 990 990 990 990 990
990 16 990 990 9 990 990 990 20 0 990 990 990 990 990
990 990 990 990 990 14 57 990 990 990 0 26 990 990 990
990 990 49 48 990 26 39 27 990 990 26 0 990 990 990
990 990 48 990 990 990 22 990 990 990 990 990 0 990 55
990 12 18 25 22 990 990 990 990 990 990 990 990 0 8
990 20 13 990 990 990 990 990 990 990 990 990 55 8 0
EOF
