NAME: random10
TYPE: TSP
DIMENSION: 10
EDGE_WEIGHT_TYPE: EXPLICIT
EDGE_WEIGHT_FORMAT: FULL_MATRIX
EDGE_WEIGHT_SECTION
0 101 34 101 61 101 101 101 28 71
101 0 54 44 101 21 101 22 47 29
34 54 0 61 36 101 57 101 23 101
101 44 61 0 101 52 32 101 101 101
61 101 36 101 0 101 45 101 101 101
101 21 101 52 101 0 101 101 101 33
101 101 57 32 45 101 0 101 101 101
101 22 101 101 101 101 101 0 33 15
28 47 23 101 101 101 101 33 0 47
71 29 101 101 101 33 101 15 47 0
EOF
