NAME: random12
TYPE: TSP
DIMENSION: 12
EDGE_WEIGHT_TYPE: EXPLICIT
EDGE_WEIGHT_FORMAT: FULL_MATRIX
EDGE_WEIGHT_SECTION
0 23 23 125 125 19 80 27 125 125 125 125
23 0 125 125 125 8 125 26 29 125 125 44
23 125 0 125 125 125 93 40 125 125 125 125
125 125 125 0 12 125 125 125 125 18 14 125
125 125 125 12 0 125 72 125 53 19 125 125
19 8 125 125 125 0 70 125 29 125 125 125
80 125 93 125 72 70 0 125 54 125 125 125
27 26 40 125 125 125 125 0 125 125 125 43
125 29 125 125 53 29 54 125 0 39 125 56
125 125 125 18 19 125 125 125 39 0 14 63
125 125 125 14 125 125 125 125 125 14 0 64
125 44 125 125 125 125 125 43 56 63 64 0
EOF
