NAME: random10
TYPE: TSP
DIMENSION: 10
EDGE_WEIGHT_TYPE: EXPLICIT
EDGE_WEIGHT_FORMAT: FULL_MATRIX
EDGE_WEIGHT_SECTION
0 505 34 505 61 505 505 505 28 71
505 0 54 44 505 21 505 22 47 29
34 54 0 61 36 505 57 505 23 505
505 44 61 0 505 52 32 505 505 505
61 505 36 505 0 505 45 505 505 505
505 21 505 52 505 0 505 505 505 33
505 505 57 32 45 505 0 505 505 505
505 22 505 505 505 505 505 0 33 15
28 47 23 505 505 505 505 33 0 47
71 29 505 505 505 33 505 15 47 0
EOF
