NAME: random13
TYPE: TSP
DIMENSION: 13
EDGE_WEIGHT_TYPE: EXPLICIT
EDGE_WEIGHT_FORMAT: FULL_MATRIX
EDGE_WEIGHT_SECTION
0 600 29 600 50 600 600 60 53 600 17 600 77
600 0 53 29 30 600 600 600 600 600 600 51 600
29 53 0 600 43 600 600 600 600 600 24 600 600
600 29 600 0 6 600 600 25 600 600 600 32 600
50 30 43 6 0 600 600 27 600 600 600 600 600
600 600 600 600 600 0 600 600 23 7 600 600 23
600 600 600 600 600 600 0 36 600 50 600 27 600
60 600 600 25 27 600 36 0 35 49 600 24 600
53 600 600 600 600 23 600 35 0 25 600 600 36
600 600 600 600 600 7 50 49 25 0 600 600 29
17 600 24 600 600 600 600 600 600 600 0 600 93
600 51 600 32 600 600 27 24 600 600 600 0 600
77 600 600 600 600 23 600 600 36 29 93 600 0
EOF
