NAME: random11
TYPE: TSP
DIMENSION: 11
EDGE_WEIGHT_TYPE: EXPLICIT
EDGE_WEIGHT_FORMAT: FULL_MATRIX
EDGE_WEIGHT_SECTION
0 590 590 590 590 56 590 590 19 19 590
590 0 24 590 590 590 590 31 590 590 31
590 24 0 41 590 49 590 29 590 34 47
590 590 41 0 590 590 590 21 37 45 590
590 590 590 590 0 77 5 590 590 590 19
56 590 49 590 77 0 590 590 590 42 71
590 590 590 590 5 590 0 590 590 590 14
590 31 29 21 590 590 590 0 590 590 62
19 590 590 37 590 590 590 590 0 30 590
19 590 34 45 590 42 590 590 30 0 590
590 31 47 590 19 71 14 62 590 590 0
EOF
