NAME: random14
TYPE: TSP
DIMENSION: 14
EDGE_WEIGHT_TYPE: EXPLICIT
EDGE_WEIGHT_FORMAT: FULL_MATRIX
EDGE_WEIGHT_SECTION
0 550 28 550 550 550 550 550 550 24 550 37 550 22
550 0 550 550 550 550 33 28 37 550 10 550 550 550
28 550 0 550 550 550 550 550 550 48 550 48 550 550
550 550 550 0 10 29 550 550 550 550 550 26 17 39
550 550 550 10 0 550 22 13 550 550 550 35 14 550
550 550 550 29 550 0 550 19 13 550 24 550 16 33
550 33 550 550 22 550 0 24 550 550 550 53 550 550
550 28 550 550 13 19 24 0 550 550 22 550 5 550
550 37 550 550 550 13 550 550 0 43 27 550 550 37
24 550 48 550 550 550 550 550 43 0 550 550 550 12
550 10 550 550 550 24 550 22 27 550 0 550 550 550
37 550 48 26 35 550 53 550 550 550 550 0 550 44
550 550 550 17 14 16 550 5 550 550 550 550 0 550
22 550 550 39 550 33 550 550 37 12 550 44 550 0
EOF
