NAME: random8
TYPE: TSP
DIMENSION: 8
EDGE_WEIGHT_TYPE: EXPLICIT
EDGE_WEIGHT_FORMAT: FULL_MATRIX
EDGE_WEIGHT_SECTION
0 44 575 72 575 53 28 575
44 0 82 575 575 31 21 27
575 82 0 44 575 575 575 57
72 575 44 0 12 19 575 19
575 575 575 12 0 7 575 11
53 31 575 19 7 0 27 13
28 21 575 575 575 27 0 575
575 27 57 19 11 13 575 0
EOF
