NAME: random15
TYPE: TSP
DIMENSION: 15
EDGE_WEIGHT_TYPE: EXPLICIT
EDGE_WEIGHT_FORMAT: FULL_MATRIX
EDGE_WEIGHT_SECTION
0 495 495 495 495 11 495 5 69 495 495 495 495 495 495
495 0 495 495 13 495 495 495 495 16 495 495 495 12 20
495 495 0 23 495 495 56 495 495 495 495 49 48 18 13
495 495 23 0 20 495 495 51 29 495 495 48 495 25 495
495 13 495 20 0 495 495 495 21 9 495 495 495 22 495
11 495 495 495 495 0 495 12 495 495 14 26 495 495 495
495 495 56 495 495 495 0 495 495 495 57 39 22 495 495
5 495 495 51 495 12 495 0 66 495 495 27 495 495 495
69 495 495 29 21 495 495 66 0 20 495 495 495 495 495
495 16 495 495 9 495 495 495 20 0 495 495 495 495 495
495 495 495 495 495 14 57 495 495 495 0 26 495 495 495
495 495 49 48 495 26 39 27 495 495 26 0 495 495 495
495 495 48 495 495 495 22 495 495 495 495 495 0 495 55
495 12 18 25 22 495 495 495 495 495 495 495 495 0 8
495 20 13 495 495 495 495 495 495 495 495 495 55 8 0
EOF
